# This is the linear theory P(k) at z=0 for the Quijote simulations
# Columns are k (h/Mpc) and P(k) (Mpc/h)^3, where everything is in comoving coordinates.
# NOTE : If you read the Quijote documentation, you will see that the 
#    normalization of the power spectrum is slightly different from the quoted sigma8 value.
#    However, that correction is ~0.1%, and so I'm just ignoring it.
# 
# This file is from raw/Linear_Pk/fiducial/CAMB_TABLES/CAMB_matterpow_0.dat
    0.10736E-04    0.50204E+02
    0.10953E-04    0.51180E+02
    0.11174E-04    0.52174E+02
    0.11400E-04    0.53188E+02
    0.11630E-04    0.54222E+02
    0.11865E-04    0.55276E+02
    0.12105E-04    0.56350E+02
    0.12349E-04    0.57445E+02
    0.12599E-04    0.58562E+02
    0.12853E-04    0.59700E+02
    0.13113E-04    0.60860E+02
    0.13378E-04    0.62043E+02
    0.13648E-04    0.63248E+02
    0.13924E-04    0.64478E+02
    0.14205E-04    0.65731E+02
    0.14492E-04    0.67008E+02
    0.14785E-04    0.68310E+02
    0.15083E-04    0.69638E+02
    0.15388E-04    0.70991E+02
    0.15699E-04    0.72371E+02
    0.16016E-04    0.73777E+02
    0.16340E-04    0.75211E+02
    0.16670E-04    0.76673E+02
    0.17006E-04    0.78163E+02
    0.17350E-04    0.79682E+02
    0.17700E-04    0.81231E+02
    0.18058E-04    0.82809E+02
    0.18423E-04    0.84419E+02
    0.18795E-04    0.86059E+02
    0.19175E-04    0.87732E+02
    0.19562E-04    0.89437E+02
    0.19957E-04    0.91175E+02
    0.20360E-04    0.92947E+02
    0.20772E-04    0.94753E+02
    0.21191E-04    0.96594E+02
    0.21619E-04    0.98472E+02
    0.22056E-04    0.10039E+03
    0.22502E-04    0.10234E+03
    0.22956E-04    0.10432E+03
    0.23420E-04    0.10635E+03
    0.23893E-04    0.10842E+03
    0.24376E-04    0.11053E+03
    0.24868E-04    0.11267E+03
    0.25371E-04    0.11486E+03
    0.25883E-04    0.11710E+03
    0.26406E-04    0.11937E+03
    0.26939E-04    0.12169E+03
    0.27484E-04    0.12406E+03
    0.28039E-04    0.12647E+03
    0.28605E-04    0.12893E+03
    0.29183E-04    0.13143E+03
    0.29773E-04    0.13398E+03
    0.30374E-04    0.13659E+03
    0.30988E-04    0.13924E+03
    0.31614E-04    0.14195E+03
    0.32252E-04    0.14471E+03
    0.32904E-04    0.14752E+03
    0.33569E-04    0.15039E+03
    0.34247E-04    0.15331E+03
    0.34938E-04    0.15629E+03
    0.35644E-04    0.15933E+03
    0.36364E-04    0.16242E+03
    0.37099E-04    0.16558E+03
    0.37848E-04    0.16880E+03
    0.38613E-04    0.17208E+03
    0.39393E-04    0.17542E+03
    0.40189E-04    0.17883E+03
    0.41001E-04    0.18230E+03
    0.41829E-04    0.18585E+03
    0.42674E-04    0.18946E+03
    0.43536E-04    0.19314E+03
    0.44416E-04    0.19689E+03
    0.45313E-04    0.20072E+03
    0.46228E-04    0.20462E+03
    0.47162E-04    0.20860E+03
    0.48115E-04    0.21265E+03
    0.49087E-04    0.21678E+03
    0.50078E-04    0.22099E+03
    0.51090E-04    0.22529E+03
    0.52122E-04    0.22967E+03
    0.53175E-04    0.23413E+03
    0.54249E-04    0.23868E+03
    0.55345E-04    0.24332E+03
    0.56463E-04    0.24804E+03
    0.57604E-04    0.25286E+03
    0.58767E-04    0.25778E+03
    0.59955E-04    0.26279E+03
    0.61166E-04    0.26789E+03
    0.62401E-04    0.27310E+03
    0.63662E-04    0.27840E+03
    0.64948E-04    0.28381E+03
    0.66260E-04    0.28933E+03
    0.67599E-04    0.29495E+03
    0.68964E-04    0.30068E+03
    0.70357E-04    0.30652E+03
    0.71779E-04    0.31248E+03
    0.73229E-04    0.31855E+03
    0.74708E-04    0.32474E+03
    0.76217E-04    0.33105E+03
    0.77757E-04    0.33748E+03
    0.79328E-04    0.34404E+03
    0.80930E-04    0.35072E+03
    0.82565E-04    0.35753E+03
    0.84233E-04    0.36448E+03
    0.85935E-04    0.37156E+03
    0.87671E-04    0.37878E+03
    0.89442E-04    0.38614E+03
    0.91249E-04    0.39364E+03
    0.93092E-04    0.40129E+03
    0.94973E-04    0.40908E+03
    0.96891E-04    0.41703E+03
    0.98849E-04    0.42513E+03
    0.10085E-03    0.43339E+03
    0.10288E-03    0.44180E+03
    0.10496E-03    0.45039E+03
    0.10708E-03    0.45913E+03
    0.10924E-03    0.46805E+03
    0.11145E-03    0.47714E+03
    0.11370E-03    0.48641E+03
    0.11600E-03    0.49586E+03
    0.11834E-03    0.50549E+03
    0.12073E-03    0.51530E+03
    0.12317E-03    0.52531E+03
    0.12566E-03    0.53551E+03
    0.12820E-03    0.54591E+03
    0.13079E-03    0.55651E+03
    0.13343E-03    0.56732E+03
    0.13613E-03    0.57833E+03
    0.13888E-03    0.58956E+03
    0.14168E-03    0.60101E+03
    0.14454E-03    0.61267E+03
    0.14746E-03    0.62457E+03
    0.15044E-03    0.63669E+03
    0.15348E-03    0.64905E+03
    0.15658E-03    0.66165E+03
    0.15975E-03    0.67449E+03
    0.16297E-03    0.68758E+03
    0.16627E-03    0.70093E+03
    0.16962E-03    0.71453E+03
    0.17305E-03    0.72840E+03
    0.17655E-03    0.74253E+03
    0.18011E-03    0.75694E+03
    0.18375E-03    0.77162E+03
    0.18746E-03    0.78659E+03
    0.19125E-03    0.80185E+03
    0.19511E-03    0.81741E+03
    0.19906E-03    0.83326E+03
    0.20308E-03    0.84942E+03
    0.20718E-03    0.86590E+03
    0.21137E-03    0.88269E+03
    0.21564E-03    0.89980E+03
    0.21999E-03    0.91725E+03
    0.22444E-03    0.93503E+03
    0.22897E-03    0.95316E+03
    0.23359E-03    0.97163E+03
    0.23831E-03    0.99046E+03
    0.24313E-03    0.10097E+04
    0.24804E-03    0.10292E+04
    0.25305E-03    0.10492E+04
    0.25816E-03    0.10695E+04
    0.26338E-03    0.10902E+04
    0.26870E-03    0.11113E+04
    0.27413E-03    0.11328E+04
    0.27966E-03    0.11548E+04
    0.28531E-03    0.11771E+04
    0.29108E-03    0.11999E+04
    0.29696E-03    0.12231E+04
    0.30296E-03    0.12468E+04
    0.30908E-03    0.12709E+04
    0.31532E-03    0.12955E+04
    0.32169E-03    0.13205E+04
    0.32819E-03    0.13461E+04
    0.33482E-03    0.13721E+04
    0.34158E-03    0.13986E+04
    0.34848E-03    0.14256E+04
    0.35552E-03    0.14532E+04
    0.36270E-03    0.14813E+04
    0.37003E-03    0.15099E+04
    0.37751E-03    0.15390E+04
    0.38513E-03    0.15687E+04
    0.39291E-03    0.15990E+04
    0.40085E-03    0.16298E+04
    0.40895E-03    0.16613E+04
    0.41721E-03    0.16933E+04
    0.42564E-03    0.17259E+04
    0.43424E-03    0.17592E+04
    0.44301E-03    0.17931E+04
    0.45196E-03    0.18276E+04
    0.46109E-03    0.18628E+04
    0.47040E-03    0.18986E+04
    0.47991E-03    0.19351E+04
    0.48960E-03    0.19723E+04
    0.49949E-03    0.20102E+04
    0.50958E-03    0.20489E+04
    0.51988E-03    0.20882E+04
    0.53038E-03    0.21283E+04
    0.54109E-03    0.21691E+04
    0.55202E-03    0.22107E+04
    0.56317E-03    0.22531E+04
    0.57455E-03    0.22963E+04
    0.58616E-03    0.23403E+04
    0.59800E-03    0.23851E+04
    0.61008E-03    0.24307E+04
    0.62240E-03    0.24772E+04
    0.63498E-03    0.25245E+04
    0.64780E-03    0.25727E+04
    0.66089E-03    0.26218E+04
    0.67424E-03    0.26718E+04
    0.68786E-03    0.27228E+04
    0.70176E-03    0.27746E+04
    0.71593E-03    0.28275E+04
    0.73040E-03    0.28813E+04
    0.74515E-03    0.29360E+04
    0.76021E-03    0.29918E+04
    0.77556E-03    0.30486E+04
    0.79123E-03    0.31064E+04
    0.80721E-03    0.31653E+04
    0.82352E-03    0.32253E+04
    0.84016E-03    0.32863E+04
    0.85713E-03    0.33485E+04
    0.87444E-03    0.34117E+04
    0.89211E-03    0.34761E+04
    0.91013E-03    0.35417E+04
    0.92852E-03    0.36084E+04
    0.94727E-03    0.36763E+04
    0.96641E-03    0.37454E+04
    0.98593E-03    0.38158E+04
    0.10059E-02    0.38873E+04
    0.10262E-02    0.39602E+04
    0.10469E-02    0.40343E+04
    0.10680E-02    0.41098E+04
    0.10896E-02    0.41865E+04
    0.11116E-02    0.42646E+04
    0.11341E-02    0.43441E+04
    0.11570E-02    0.44249E+04
    0.11804E-02    0.45072E+04
    0.12042E-02    0.45908E+04
    0.12285E-02    0.46759E+04
    0.12534E-02    0.47624E+04
    0.12787E-02    0.48505E+04
    0.13045E-02    0.49400E+04
    0.13309E-02    0.50310E+04
    0.13578E-02    0.51235E+04
    0.13852E-02    0.52176E+04
    0.14132E-02    0.53133E+04
    0.14417E-02    0.54105E+04
    0.14708E-02    0.55094E+04
    0.15006E-02    0.56099E+04
    0.15309E-02    0.57120E+04
    0.15618E-02    0.58158E+04
    0.15933E-02    0.59213E+04
    0.16255E-02    0.60284E+04
    0.16584E-02    0.61373E+04
    0.16919E-02    0.62480E+04
    0.17260E-02    0.63603E+04
    0.17609E-02    0.64745E+04
    0.17965E-02    0.65904E+04
    0.18328E-02    0.67081E+04
    0.18698E-02    0.68277E+04
    0.19076E-02    0.69491E+04
    0.19461E-02    0.70723E+04
    0.19854E-02    0.71974E+04
    0.20255E-02    0.73244E+04
    0.20665E-02    0.74532E+04
    0.21082E-02    0.75840E+04
    0.21508E-02    0.77166E+04
    0.21942E-02    0.78512E+04
    0.22386E-02    0.79878E+04
    0.22838E-02    0.81263E+04
    0.23299E-02    0.82667E+04
    0.23770E-02    0.84091E+04
    0.24250E-02    0.85535E+04
    0.24740E-02    0.86999E+04
    0.25240E-02    0.88482E+04
    0.25750E-02    0.89986E+04
    0.26270E-02    0.91509E+04
    0.26800E-02    0.93052E+04
    0.27342E-02    0.94616E+04
    0.27894E-02    0.96199E+04
    0.28458E-02    0.97802E+04
    0.29033E-02    0.99426E+04
    0.29619E-02    0.10107E+05
    0.30217E-02    0.10273E+05
    0.30828E-02    0.10442E+05
    0.31451E-02    0.10612E+05
    0.32086E-02    0.10784E+05
    0.32734E-02    0.10958E+05
    0.33395E-02    0.11134E+05
    0.34070E-02    0.11312E+05
    0.34758E-02    0.11492E+05
    0.35460E-02    0.11674E+05
    0.36177E-02    0.11858E+05
    0.36908E-02    0.12044E+05
    0.37653E-02    0.12231E+05
    0.38414E-02    0.12420E+05
    0.39190E-02    0.12611E+05
    0.39982E-02    0.12804E+05
    0.40789E-02    0.12998E+05
    0.41613E-02    0.13194E+05
    0.42454E-02    0.13392E+05
    0.43312E-02    0.13591E+05
    0.44186E-02    0.13792E+05
    0.45079E-02    0.13995E+05
    0.45990E-02    0.14199E+05
    0.46919E-02    0.14404E+05
    0.47867E-02    0.14610E+05
    0.48834E-02    0.14818E+05
    0.49820E-02    0.15027E+05
    0.50827E-02    0.15237E+05
    0.51853E-02    0.15449E+05
    0.52901E-02    0.15661E+05
    0.53969E-02    0.15874E+05
    0.55060E-02    0.16088E+05
    0.56172E-02    0.16303E+05
    0.57307E-02    0.16519E+05
    0.58464E-02    0.16735E+05
    0.59645E-02    0.16952E+05
    0.60850E-02    0.17169E+05
    0.62080E-02    0.17386E+05
    0.63334E-02    0.17604E+05
    0.64613E-02    0.17822E+05
    0.65918E-02    0.18039E+05
    0.67250E-02    0.18257E+05
    0.68609E-02    0.18474E+05
    0.69995E-02    0.18691E+05
    0.71409E-02    0.18907E+05
    0.72851E-02    0.19123E+05
    0.74323E-02    0.19338E+05
    0.75824E-02    0.19552E+05
    0.77356E-02    0.19765E+05
    0.78919E-02    0.19976E+05
    0.80513E-02    0.20187E+05
    0.82139E-02    0.20395E+05
    0.83799E-02    0.20602E+05
    0.85492E-02    0.20807E+05
    0.87219E-02    0.21010E+05
    0.88981E-02    0.21210E+05
    0.90778E-02    0.21408E+05
    0.92612E-02    0.21603E+05
    0.94483E-02    0.21796E+05
    0.96392E-02    0.21985E+05
    0.98339E-02    0.22171E+05
    0.10033E-01    0.22353E+05
    0.10235E-01    0.22532E+05
    0.10442E-01    0.22707E+05
    0.10653E-01    0.22877E+05
    0.10868E-01    0.23043E+05
    0.11088E-01    0.23204E+05
    0.11312E-01    0.23360E+05
    0.11540E-01    0.23512E+05
    0.11773E-01    0.23657E+05
    0.12011E-01    0.23797E+05
    0.12254E-01    0.23931E+05
    0.12501E-01    0.24059E+05
    0.12754E-01    0.24180E+05
    0.13011E-01    0.24294E+05
    0.13274E-01    0.24402E+05
    0.13543E-01    0.24502E+05
    0.13816E-01    0.24594E+05
    0.14095E-01    0.24679E+05
    0.14380E-01    0.24755E+05
    0.14670E-01    0.24823E+05
    0.14967E-01    0.24882E+05
    0.15269E-01    0.24933E+05
    0.15578E-01    0.24974E+05
    0.15892E-01    0.25006E+05
    0.16213E-01    0.25028E+05
    0.16541E-01    0.25040E+05
    0.16875E-01    0.25041E+05
    0.17216E-01    0.25033E+05
    0.17564E-01    0.25013E+05
    0.17918E-01    0.24983E+05
    0.18280E-01    0.24942E+05
    0.18650E-01    0.24889E+05
    0.19027E-01    0.24826E+05
    0.19411E-01    0.24750E+05
    0.19803E-01    0.24663E+05
    0.20203E-01    0.24565E+05
    0.20611E-01    0.24454E+05
    0.21028E-01    0.24332E+05
    0.21452E-01    0.24197E+05
    0.21886E-01    0.24051E+05
    0.22328E-01    0.23893E+05
    0.22779E-01    0.23723E+05
    0.23239E-01    0.23542E+05
    0.23708E-01    0.23349E+05
    0.24187E-01    0.23145E+05
    0.24676E-01    0.22929E+05
    0.25175E-01    0.22703E+05
    0.25683E-01    0.22467E+05
    0.26202E-01    0.22220E+05
    0.26731E-01    0.21963E+05
    0.27271E-01    0.21697E+05
    0.27822E-01    0.21422E+05
    0.28384E-01    0.21139E+05
    0.28958E-01    0.20848E+05
    0.29543E-01    0.20550E+05
    0.30139E-01    0.20246E+05
    0.30748E-01    0.19936E+05
    0.31369E-01    0.19621E+05
    0.32003E-01    0.19301E+05
    0.32650E-01    0.18979E+05
    0.33309E-01    0.18653E+05
    0.33982E-01    0.18327E+05
    0.34669E-01    0.17999E+05
    0.35369E-01    0.17671E+05
    0.36083E-01    0.17345E+05
    0.36812E-01    0.17020E+05
    0.37556E-01    0.16698E+05
    0.38315E-01    0.16376E+05
    0.39089E-01    0.16058E+05
    0.39878E-01    0.15745E+05
    0.40684E-01    0.15438E+05
    0.41506E-01    0.15139E+05
    0.42344E-01    0.14847E+05
    0.43200E-01    0.14565E+05
    0.44072E-01    0.14292E+05
    0.44963E-01    0.14029E+05
    0.45871E-01    0.13776E+05
    0.46798E-01    0.13533E+05
    0.47743E-01    0.13301E+05
    0.48708E-01    0.13078E+05
    0.49691E-01    0.12866E+05
    0.50695E-01    0.12662E+05
    0.51719E-01    0.12467E+05
    0.52764E-01    0.12280E+05
    0.53830E-01    0.12100E+05
    0.54918E-01    0.11927E+05
    0.56027E-01    0.11759E+05
    0.57159E-01    0.11597E+05
    0.58313E-01    0.11441E+05
    0.59491E-01    0.11287E+05
    0.60693E-01    0.11154E+05
    0.61919E-01    0.11005E+05
    0.63170E-01    0.10855E+05
    0.64446E-01    0.10701E+05
    0.65748E-01    0.10543E+05
    0.67077E-01    0.10379E+05
    0.68432E-01    0.10208E+05
    0.69814E-01    0.10028E+05
    0.71224E-01    0.98385E+04
    0.72663E-01    0.96385E+04
    0.74131E-01    0.94275E+04
    0.75629E-01    0.92056E+04
    0.77156E-01    0.89732E+04
    0.78715E-01    0.87311E+04
    0.80305E-01    0.84805E+04
    0.81927E-01    0.82230E+04
    0.83582E-01    0.79606E+04
    0.85271E-01    0.76951E+04
    0.86993E-01    0.74291E+04
    0.88751E-01    0.71646E+04
    0.90544E-01    0.69043E+04
    0.92373E-01    0.66504E+04
    0.94239E-01    0.64054E+04
    0.96143E-01    0.61715E+04
    0.98085E-01    0.59509E+04
    0.10007E+00    0.57452E+04
    0.10209E+00    0.55559E+04
    0.10415E+00    0.53838E+04
    0.10625E+00    0.52288E+04
    0.10840E+00    0.50905E+04
    0.11059E+00    0.49676E+04
    0.11282E+00    0.48583E+04
    0.11510E+00    0.47606E+04
    0.11743E+00    0.46717E+04
    0.11980E+00    0.45887E+04
    0.12222E+00    0.45087E+04
    0.12469E+00    0.44280E+04
    0.12721E+00    0.43435E+04
    0.12978E+00    0.42517E+04
    0.13240E+00    0.41500E+04
    0.13508E+00    0.40368E+04
    0.13780E+00    0.39118E+04
    0.14059E+00    0.37764E+04
    0.14343E+00    0.36329E+04
    0.14633E+00    0.34848E+04
    0.14928E+00    0.33355E+04
    0.15230E+00    0.31884E+04
    0.15537E+00    0.30466E+04
    0.15851E+00    0.29132E+04
    0.16171E+00    0.27909E+04
    0.16498E+00    0.26818E+04
    0.16831E+00    0.25872E+04
    0.17171E+00    0.25067E+04
    0.17518E+00    0.24387E+04
    0.17872E+00    0.23799E+04
    0.18233E+00    0.23268E+04
    0.18602E+00    0.22755E+04
    0.18977E+00    0.22228E+04
    0.19361E+00    0.21658E+04
    0.19752E+00    0.21024E+04
    0.20151E+00    0.20317E+04
    0.20558E+00    0.19543E+04
    0.20973E+00    0.18720E+04
    0.21397E+00    0.17880E+04
    0.21829E+00    0.17057E+04
    0.22270E+00    0.16283E+04
    0.22720E+00    0.15582E+04
    0.23179E+00    0.14969E+04
    0.23647E+00    0.14445E+04
    0.24125E+00    0.13998E+04
    0.24612E+00    0.13601E+04
    0.25110E+00    0.13225E+04
    0.25617E+00    0.12842E+04
    0.26134E+00    0.12432E+04
    0.26662E+00    0.11986E+04
    0.27201E+00    0.11508E+04
    0.27750E+00    0.11011E+04
    0.28311E+00    0.10519E+04
    0.28883E+00    0.10054E+04
    0.29466E+00    0.96335E+03
    0.30062E+00    0.92627E+03
    0.30669E+00    0.89347E+03
    0.31288E+00    0.86363E+03
    0.31920E+00    0.83509E+03
    0.32565E+00    0.80616E+03
    0.33223E+00    0.77583E+03
    0.33894E+00    0.74426E+03
    0.34579E+00    0.71245E+03
    0.35278E+00    0.68167E+03
    0.35990E+00    0.65301E+03
    0.36717E+00    0.62698E+03
    0.37459E+00    0.60327E+03
    0.38216E+00    0.58103E+03
    0.38988E+00    0.55934E+03
    0.39775E+00    0.53751E+03
    0.40579E+00    0.51548E+03
    0.41399E+00    0.49371E+03
    0.42235E+00    0.47282E+03
    0.43088E+00    0.45324E+03
    0.43959E+00    0.43508E+03
    0.44847E+00    0.41795E+03
    0.45753E+00    0.40134E+03
    0.46677E+00    0.38501E+03
    0.47620E+00    0.36893E+03
    0.48582E+00    0.35333E+03
    0.49563E+00    0.33851E+03
    0.50564E+00    0.32450E+03
    0.51586E+00    0.31120E+03
    0.52628E+00    0.29837E+03
    0.53691E+00    0.28589E+03
    0.54776E+00    0.27379E+03
    0.55882E+00    0.26217E+03
    0.57011E+00    0.25109E+03
    0.58163E+00    0.24053E+03
    0.59338E+00    0.23038E+03
    0.60537E+00    0.22059E+03
    0.61760E+00    0.21115E+03
    0.63007E+00    0.20210E+03
    0.64280E+00    0.19345E+03
    0.65579E+00    0.18516E+03
    0.66903E+00    0.17720E+03
    0.68255E+00    0.16955E+03
    0.69634E+00    0.16221E+03
    0.71040E+00    0.15518E+03
    0.72475E+00    0.14844E+03
    0.73940E+00    0.14198E+03
    0.75433E+00    0.13579E+03
    0.76957E+00    0.12985E+03
    0.78512E+00    0.12416E+03
    0.80098E+00    0.11871E+03
    0.81716E+00    0.11348E+03
    0.83367E+00    0.10848E+03
    0.85051E+00    0.10368E+03
    0.86769E+00    0.99091E+02
    0.88522E+00    0.94693E+02
    0.90310E+00    0.90483E+02
    0.92134E+00    0.86453E+02
    0.93996E+00    0.82594E+02
    0.95894E+00    0.78900E+02
    0.97832E+00    0.75365E+02
    0.99808E+00    0.71982E+02
    0.10182E+01    0.68746E+02
    0.10388E+01    0.65648E+02
    0.10598E+01    0.62685E+02
    0.10812E+01    0.59850E+02
    0.11030E+01    0.57138E+02
    0.11253E+01    0.54545E+02
    0.11481E+01    0.52065E+02
    0.11713E+01    0.49694E+02
    0.11949E+01    0.47427E+02
    0.12191E+01    0.45260E+02
    0.12437E+01    0.43189E+02
    0.12688E+01    0.41210E+02
    0.12944E+01    0.39318E+02
    0.13206E+01    0.37509E+02
    0.13473E+01    0.35782E+02
    0.13745E+01    0.34131E+02
    0.14023E+01    0.32553E+02
    0.14306E+01    0.31047E+02
    0.14595E+01    0.29608E+02
    0.14890E+01    0.28233E+02
    0.15190E+01    0.26921E+02
    0.15497E+01    0.25667E+02
    0.15810E+01    0.24470E+02
    0.16130E+01    0.23328E+02
    0.16456E+01    0.22237E+02
    0.16788E+01    0.21196E+02
    0.17127E+01    0.20202E+02
    0.17473E+01    0.19253E+02
    0.17826E+01    0.18348E+02
    0.18186E+01    0.17484E+02
    0.18554E+01    0.16660E+02
    0.18928E+01    0.15873E+02
    0.19311E+01    0.15123E+02
    0.19701E+01    0.14407E+02
    0.20099E+01    0.13724E+02
    0.20505E+01    0.13073E+02
    0.20919E+01    0.12452E+02
    0.21342E+01    0.11859E+02
    0.21773E+01    0.11294E+02
    0.22213E+01    0.10756E+02
    0.22661E+01    0.10242E+02
    0.23119E+01    0.97523E+01
    0.23586E+01    0.92855E+01
    0.24063E+01    0.88405E+01
    0.24549E+01    0.84164E+01
    0.25045E+01    0.80121E+01
    0.25551E+01    0.76268E+01
    0.26067E+01    0.72596E+01
    0.26593E+01    0.69098E+01
    0.27131E+01    0.65763E+01
    0.27679E+01    0.62587E+01
    0.28238E+01    0.59560E+01
    0.28808E+01    0.56677E+01
    0.29390E+01    0.53930E+01
    0.29984E+01    0.51314E+01
    0.30590E+01    0.48822E+01
    0.31208E+01    0.46448E+01
    0.31838E+01    0.44188E+01
    0.32481E+01    0.42036E+01
    0.33137E+01    0.39986E+01
    0.33807E+01    0.38034E+01
    0.34490E+01    0.36176E+01
    0.35187E+01    0.34406E+01
    0.35897E+01    0.32722E+01
    0.36623E+01    0.31118E+01
    0.37362E+01    0.29592E+01
    0.38117E+01    0.28139E+01
    0.38887E+01    0.26756E+01
    0.39673E+01    0.25440E+01
    0.40474E+01    0.24188E+01
    0.41292E+01    0.22996E+01
    0.42126E+01    0.21862E+01
    0.42977E+01    0.20782E+01
    0.43845E+01    0.19755E+01
    0.44731E+01    0.18778E+01
    0.45634E+01    0.17849E+01
    0.46556E+01    0.16965E+01
    0.47497E+01    0.16123E+01
    0.48456E+01    0.15323E+01
    0.49435E+01    0.14562E+01
    0.50434E+01    0.13838E+01
    0.51453E+01    0.13150E+01
    0.52492E+01    0.12495E+01
    0.53553E+01    0.11872E+01
    0.54634E+01    0.11280E+01
    0.55738E+01    0.10717E+01
    0.56864E+01    0.10182E+01
    0.58013E+01    0.96729E+00
    0.59185E+01    0.91890E+00
    0.60380E+01    0.87289E+00
    0.61600E+01    0.82915E+00
    0.62844E+01    0.78757E+00
    0.64114E+01    0.74805E+00
    0.65409E+01    0.71048E+00
    0.66731E+01    0.67477E+00
    0.68079E+01    0.64083E+00
    0.69454E+01    0.60858E+00
    0.70857E+01    0.57792E+00
    0.72288E+01    0.54879E+00
    0.73749E+01    0.52111E+00
    0.75238E+01    0.49481E+00
    0.76758E+01    0.46981E+00
    0.78309E+01    0.44607E+00
    0.79891E+01    0.42350E+00
    0.81505E+01    0.40207E+00
    0.83151E+01    0.38170E+00
    0.84831E+01    0.36235E+00
    0.86545E+01    0.34397E+00
    0.88293E+01    0.32652E+00
    0.90077E+01    0.30993E+00
    0.91896E+01    0.29418E+00
    0.93753E+01    0.27922E+00
    0.95647E+01    0.26501E+00
    0.97579E+01    0.25152E+00
    0.99550E+01    0.23871E+00
    0.10156E+02    0.22654E+00
    0.10361E+02    0.21498E+00
    0.10571E+02    0.20400E+00
    0.10784E+02    0.19358E+00
    0.11002E+02    0.18369E+00
    0.11224E+02    0.17430E+00
    0.11451E+02    0.16538E+00
    0.11682E+02    0.15691E+00
    0.11918E+02    0.14887E+00
    0.12159E+02    0.14124E+00
    0.12405E+02    0.13400E+00
    0.12655E+02    0.12712E+00
    0.12911E+02    0.12059E+00
    0.13172E+02    0.11440E+00
    0.13438E+02    0.10851E+00
    0.13709E+02    0.10293E+00
    0.13986E+02    0.97635E-01
    0.14269E+02    0.92607E-01
    0.14557E+02    0.87836E-01
    0.14851E+02    0.83307E-01
    0.15151E+02    0.79010E-01
    0.15457E+02    0.74933E-01
    0.15769E+02    0.71064E-01
    0.16088E+02    0.67392E-01
    0.16413E+02    0.63908E-01
    0.16745E+02    0.60603E-01
    0.17083E+02    0.57467E-01
    0.17428E+02    0.54492E-01
    0.17780E+02    0.51669E-01
    0.18139E+02    0.48991E-01
    0.18506E+02    0.46451E-01
    0.18880E+02    0.44041E-01
    0.19261E+02    0.41755E-01
    0.19650E+02    0.39587E-01
    0.20047E+02    0.37530E-01
    0.20452E+02    0.35579E-01
    0.20865E+02    0.33729E-01
    0.21287E+02    0.31973E-01
    0.21717E+02    0.30309E-01
    0.22155E+02    0.28730E-01
    0.22603E+02    0.27233E-01
    0.23059E+02    0.25813E-01
    0.23525E+02    0.24467E-01
    0.24001E+02    0.23190E-01
    0.24485E+02    0.21979E-01
    0.24980E+02    0.20831E-01
    0.25485E+02    0.19743E-01
    0.26000E+02    0.18710E-01
    0.26525E+02    0.17732E-01
    0.27061E+02    0.16804E-01
    0.27607E+02    0.15924E-01
    0.28165E+02    0.15090E-01
    0.28734E+02    0.14299E-01
    0.29314E+02    0.13549E-01
    0.29907E+02    0.12839E-01
    0.30511E+02    0.12165E-01
    0.31127E+02    0.11526E-01
    0.31756E+02    0.10921E-01
    0.32397E+02    0.10347E-01
    0.33052E+02    0.98029E-02
    0.33720E+02    0.92873E-02
    0.34401E+02    0.87986E-02
    0.35096E+02    0.83355E-02
    0.35805E+02    0.78965E-02
    0.36528E+02    0.74804E-02
    0.37266E+02    0.70861E-02
    0.38019E+02    0.67124E-02
    0.38787E+02    0.63583E-02
    0.39570E+02    0.60226E-02
    0.40370E+02    0.57046E-02
    0.41185E+02    0.54032E-02
    0.42017E+02    0.51177E-02
    0.42866E+02    0.48471E-02
    0.43732E+02    0.45906E-02
    0.44615E+02    0.43477E-02
    0.45517E+02    0.41175E-02
    0.46436E+02    0.38994E-02
    0.47374E+02    0.36927E-02
    0.48331E+02    0.34969E-02
    0.49308E+02    0.33114E-02
    0.50304E+02    0.31357E-02
    0.51320E+02    0.29692E-02
    0.52357E+02    0.28115E-02
    0.53414E+02    0.26621E-02
    0.54493E+02    0.25206E-02
    0.55594E+02    0.23865E-02
    0.56717E+02    0.22595E-02
    0.57863E+02    0.21392E-02
    0.59032E+02    0.20253E-02
    0.60224E+02    0.19174E-02
    0.61441E+02    0.18152E-02
    0.62682E+02    0.17183E-02
    0.63949E+02    0.16266E-02
    0.65240E+02    0.15398E-02
    0.66558E+02    0.14575E-02
    0.67903E+02    0.13796E-02
    0.69275E+02    0.13059E-02
    0.70674E+02    0.12360E-02
    0.72102E+02    0.11699E-02
    0.73558E+02    0.11072E-02
    0.75044E+02    0.10479E-02
    0.76560E+02    0.99171E-03
    0.78107E+02    0.93852E-03
    0.79685E+02    0.88815E-03
    0.81294E+02    0.84046E-03
    0.82937E+02    0.79530E-03
    0.84612E+02    0.75255E-03
    0.86321E+02    0.71207E-03
    0.88065E+02    0.67375E-03
    0.89844E+02    0.63747E-03
    0.91659E+02    0.60312E-03
    0.93511E+02    0.57060E-03
    0.95400E+02    0.53982E-03
    0.97327E+02    0.51068E-03
    0.99293E+02    0.48309E-03
    0.10130E+03    0.45698E-03
    0.10335E+03    0.43226E-03
    0.10543E+03    0.40887E-03
    0.10756E+03    0.38672E-03
    0.10974E+03    0.36576E-03
    0.11195E+03    0.34592E-03
    0.11421E+03    0.32714E-03
    0.11652E+03    0.30937E-03
    0.11888E+03    0.29255E-03
    0.12128E+03    0.27664E-03
    0.12373E+03    0.26157E-03
    0.12623E+03    0.24732E-03
    0.12878E+03    0.23383E-03
    0.13138E+03    0.22106E-03
    0.13403E+03    0.20899E-03
    0.13674E+03    0.19756E-03
    0.13950E+03    0.18674E-03
    0.14232E+03    0.17651E-03
    0.14520E+03    0.16683E-03
    0.14813E+03    0.15768E-03
    0.15112E+03    0.14901E-03
    0.15417E+03    0.14081E-03
    0.15729E+03    0.13306E-03
    0.16047E+03    0.12572E-03
    0.16371E+03    0.11879E-03
    0.16701E+03    0.11222E-03
    0.17039E+03    0.10602E-03
    0.17383E+03    0.10014E-03
    0.17734E+03    0.94591E-04
    0.18092E+03    0.89339E-04
    0.18458E+03    0.84372E-04
    0.18831E+03    0.79676E-04
    0.19211E+03    0.75234E-04
    0.19599E+03    0.71035E-04
    0.19995E+03    0.67064E-04
    0.20399E+03    0.63310E-04
    0.20811E+03    0.59760E-04
    0.21232E+03    0.56404E-04
    0.21661E+03    0.53232E-04
    0.22098E+03    0.50233E-04
    0.22545E+03    0.47399E-04
    0.23000E+03    0.44720E-04
    0.23465E+03    0.42188E-04
    0.23939E+03    0.39795E-04
    0.24422E+03    0.37534E-04
    0.24916E+03    0.35397E-04
    0.25419E+03    0.33379E-04
    0.25932E+03    0.31471E-04
    0.26456E+03    0.29670E-04
    0.26991E+03    0.27968E-04
    0.27536E+03    0.26360E-04
    0.28092E+03    0.24841E-04
    0.28660E+03    0.23408E-04
    0.29239E+03    0.22053E-04
    0.29829E+03    0.20775E-04
    0.30432E+03    0.19568E-04
    0.31047E+03    0.18428E-04
    0.31674E+03    0.17353E-04
    0.32314E+03    0.16338E-04
    0.32967E+03    0.15380E-04
    0.33632E+03    0.14476E-04
    0.34312E+03    0.13623E-04
    0.35005E+03    0.12819E-04
    0.35712E+03    0.12060E-04
    0.36434E+03    0.11344E-04
    0.37170E+03    0.10670E-04
    0.37921E+03    0.10033E-04
    0.38687E+03    0.94338E-05
    0.39468E+03    0.88686E-05
    0.40265E+03    0.83360E-05
    0.41079E+03    0.78341E-05
    0.41909E+03    0.73614E-05
    0.42755E+03    0.69161E-05
    0.43619E+03    0.64968E-05
    0.44500E+03    0.61020E-05
    0.45399E+03    0.57303E-05
    0.46316E+03    0.53805E-05
    0.47252E+03    0.50514E-05
    0.48206E+03    0.47417E-05
    0.49180E+03    0.44504E-05
    0.50174E+03    0.41765E-05
