8.899641224696953554e-03	1.868704287547062268e+04
1.507912216506557788e-02	2.254315542662934968e+04
2.144790186456836667e-02	3.006536783445914625e+04
2.783660776489276650e-02	1.929576439418016889e+04
3.435099785803411021e-02	1.706693679763760156e+04
4.047886761425745911e-02	1.463047616224144440e+04
4.676716683575679601e-02	1.400113320068211215e+04
5.308225101765951665e-02	1.177980376074914057e+04
5.945362440940590160e-02	1.126012812687094447e+04
6.576224814588792211e-02	9.926911291316302595e+03
7.196632906698736953e-02	9.162813441176625929e+03
7.827860915688347743e-02	9.357664836629099227e+03
8.470398945834539672e-02	7.676222738079615738e+03
9.096854620527369817e-02	6.772192192004629760e+03
9.720789776830213169e-02	6.203658119842338238e+03
1.034763038959366499e-01	5.722731780481478381e+03
1.097576444254559219e-01	5.038923807897818733e+03
1.160543084780093354e-01	4.782747406526298619e+03
1.223669666537485351e-01	4.310667377632447824e+03
1.286817263090294094e-01	4.415803514023511525e+03
1.349500801664080818e-01	4.027102023363529952e+03
1.411949558842147678e-01	3.803531693047734734e+03
1.475133575747468451e-01	3.604223523478957759e+03
1.537865074252268427e-01	3.376061885221924058e+03
1.600657544051110326e-01	3.188421613360203537e+03
1.663991168687080635e-01	2.957177127594418835e+03
1.727195645776442856e-01	2.850969756641148706e+03
1.789765213377084718e-01	2.661134754249490470e+03
1.852353690647852158e-01	2.661951994058401397e+03
1.914806787341157279e-01	2.533617657038908419e+03
1.977889868651535599e-01	2.428582790667807785e+03
2.040937735447724277e-01	2.350788766689378917e+03
2.103939302609846018e-01	2.250188009596313805e+03
2.166909709822301688e-01	2.156166733874422789e+03
2.229700281216152047e-01	2.066475507382612250e+03
2.292620027086341994e-01	1.943309982076895949e+03
2.355141508366812297e-01	1.942861836468161073e+03
2.417910583817859116e-01	1.862190985651394385e+03
2.480856539439619257e-01	1.764174538092470812e+03
2.543492256872954549e-01	1.733597748178789516e+03
2.606334251884805386e-01	1.700125459758579609e+03
2.669257370896960802e-01	1.632908131295306930e+03
2.732423343141155980e-01	1.585392536004386329e+03
2.795529680084415936e-01	1.544123508032676000e+03
2.858366292314493129e-01	1.514083413145993973e+03
2.920876271394311496e-01	1.505872110275010982e+03
2.983449844439822751e-01	1.420887980599934963e+03
3.046382639407197446e-01	1.413691952417455923e+03
3.109279127003197196e-01	1.353039532034559215e+03
3.172168171618398036e-01	1.348322853409391655e+03
3.235187567944423082e-01	1.287024090298297779e+03
3.298168217550395687e-01	1.285908543142393455e+03
3.361176429457156667e-01	1.250895742688931705e+03
3.423700375709273769e-01	1.226734151506169383e+03
3.486478192666269682e-01	1.183858374590946141e+03
3.549411614411318028e-01	1.173201189733787942e+03
3.611916935421040642e-01	1.163504260059088438e+03
3.674767089563572564e-01	1.125842655239013766e+03
3.737647795277591056e-01	1.106110659711770495e+03
3.800654031475132477e-01	1.068013409378379038e+03
3.863539861259823738e-01	1.072616495775713247e+03
3.926140181364449755e-01	1.056516417690931348e+03
3.989264500321934581e-01	1.024429222830461413e+03
4.052073244576828714e-01	1.017172353322569620e+03
4.114916477570477182e-01	9.971472182798473796e+02
4.177814272116491257e-01	9.811359527192198584e+02
4.240400648725131116e-01	9.629417445692554338e+02
4.303425690270192283e-01	9.539109495900858064e+02
4.366358560255625965e-01	9.444520373835237024e+02
4.428996183220763605e-01	9.305603412357061188e+02
4.491634418529859563e-01	9.088235128822710749e+02
4.554414146254732731e-01	9.004514763790879215e+02
4.617634470301058558e-01	8.881738901946022224e+02
4.680644242023710433e-01	8.816092544481516597e+02
4.743485242764365895e-01	8.588507059763921916e+02
4.806356136815400082e-01	8.516836383873278464e+02
4.869019258388697646e-01	8.415551414904118701e+02
4.931697099599955947e-01	8.327326454637300230e+02
4.994506747144535908e-01	8.167840564459949064e+02
5.057159051335421429e-01	8.106088095790281614e+02
5.119923996268095356e-01	7.941507396489026860e+02
5.183126097768406826e-01	7.990432716917646303e+02
5.246089638029100000e-01	7.777935274582102920e+02
5.308757308483337267e-01	7.808512499728990406e+02
5.371573527946726934e-01	7.649173118848411832e+02
5.434579563783791256e-01	7.600161419745319336e+02
5.497430652392217842e-01	7.505570076252512308e+02
5.559937427501778773e-01	7.384905512194234234e+02
5.622854676609657654e-01	7.304135657112014997e+02
5.686011537227265711e-01	7.239821169071905160e+02
5.748804589422079614e-01	7.141828411849485292e+02
5.811550210340560296e-01	7.089570187201262570e+02
5.874394496660968468e-01	6.983848735984493032e+02
5.937176220296899176e-01	6.908838372850800624e+02
5.999971954793682505e-01	6.875522727644345196e+02
6.062679115124277596e-01	6.756578672828967456e+02
6.125469576444534381e-01	6.729442280591033523e+02
6.188477733041515272e-01	6.673258033421227537e+02
6.251310567437898813e-01	6.613712992516778968e+02
6.314027450383210560e-01	6.525132928737954217e+02
6.377003562732055375e-01	6.484879407646308209e+02
6.439857783314556494e-01	6.458142245870304805e+02
6.502685417166111925e-01	6.383302055151723380e+02
6.565586117699038216e-01	6.291856657080735431e+02
6.628369282359254377e-01	6.248241337498535586e+02
6.691185444962194362e-01	6.199933160382138340e+02
6.754070198575605755e-01	6.118204598190408205e+02
6.816835514593204692e-01	6.050360941159490267e+02
6.879592533861698112e-01	6.000521841740181799e+02
6.942344317039531587e-01	6.003244897519288088e+02
7.005175402434737908e-01	5.907263826558302071e+02
7.068124956608716758e-01	5.897734121530655784e+02
7.131019009674921527e-01	5.854864090659935982e+02
7.193918251171427247e-01	5.801298694952864707e+02
7.256833807598113140e-01	5.712371624950677642e+02
7.319652682709349989e-01	5.715019421431187538e+02
7.382507990484923344e-01	5.641512778493142832e+02
7.445265842115937893e-01	5.589707838068762840e+02
7.507871101942712455e-01	5.563804951842355422e+02
7.570758465316046459e-01	5.534234872530576013e+02
7.633641233600957365e-01	5.466425979125194772e+02
7.696462959862266917e-01	5.427682614073680725e+02
7.759394865175414102e-01	5.434288255495627027e+02
7.822329141989586843e-01	5.356901128803681331e+02
7.885314936520240181e-01	5.313472348486443479e+02
7.947896566979522071e-01	5.279069442753111616e+02
8.010491096592354809e-01	5.264133883450880376e+02
8.073364061727361651e-01	5.178105770315033851e+02
8.136229488373866170e-01	5.134714959234033813e+02
8.199152998961036776e-01	5.102173815851487575e+02
8.261952636392789762e-01	5.068324045112148610e+02
8.324897070080405914e-01	5.033020594454686716e+02
8.387959309210778480e-01	5.030971509060339031e+02
8.450634639703045181e-01	4.982274281408047614e+02
8.513282867562648182e-01	4.930506360694235468e+02
8.576198263902009566e-01	4.906258650655204860e+02
8.639058477062415697e-01	4.862908060830963564e+02
8.701838745487597837e-01	4.831767850355850555e+02
8.764641096075268534e-01	4.811555999870675464e+02
8.827503873399735745e-01	4.771706911262048720e+02
8.890332768393869323e-01	4.731858089626797437e+02
8.953084247113127780e-01	4.716912992372631379e+02
9.015956521667095602e-01	4.670866534459150330e+02
9.078833328094829680e-01	4.639593354230204341e+02
9.141744106319863450e-01	4.591306256663414729e+02
9.204630817717615043e-01	4.597762357161634554e+02
9.267434415264711456e-01	4.580449818916366098e+02
9.330324197354928906e-01	4.501910769086750861e+02
9.393265785573878812e-01	4.487578434510342049e+02
9.455974810398196650e-01	4.444686259394342187e+02
9.518660018545171964e-01	4.434363157412244618e+02
9.581413255531838757e-01	4.396709424626953364e+02
9.644350945109106954e-01	4.376985599125230806e+02
9.707355633568249820e-01	4.336654847239823880e+02
9.770080768450029041e-01	4.327987532584670021e+02
9.832823325363413414e-01	4.281735767111140945e+02
9.895569691966674686e-01	4.257877413673738261e+02
9.958456301921106979e-01	4.251393052200169222e+02
1.002136210743837408e+00	4.219715823288396450e+02
1.008404825335135424e+00	4.188927446309905349e+02
1.014694149836243398e+00	4.170939590092108347e+02
1.020992555437297167e+00	4.155157147477262356e+02
1.027273980437394485e+00	4.121063855310097210e+02
1.033559181896017254e+00	4.065743780406394308e+02
1.039847557392594934e+00	4.060576621324000257e+02
1.046126974943305088e+00	4.048791673547219148e+02
1.052403436811028659e+00	3.986712673530985853e+02
1.058680704651608684e+00	3.997139298832362897e+02
1.064964333065789193e+00	3.970948503896044599e+02
1.071256777440835473e+00	3.941881203845533150e+02
1.077544048801078125e+00	3.911282365390294444e+02
1.083824820188043603e+00	3.889443955169280116e+02
1.090108023942816695e+00	3.878288045199858516e+02
1.096389665956643222e+00	3.841627466280037311e+02
1.102681132058841440e+00	3.812331730456467653e+02
1.108963047594879958e+00	3.807043690299631749e+02
1.115225428463759272e+00	3.765757525662208423e+02
1.121502127614767863e+00	3.754861794958907808e+02
1.127792573824792033e+00	3.734628520714579167e+02
1.134089552668382961e+00	3.714189615408537861e+02
1.140364049650405942e+00	3.701943261454372873e+02
1.146639180320979445e+00	3.676567630401820566e+02
1.152942412991649901e+00	3.643639687948895016e+02
1.159228906751078814e+00	3.625841210101538650e+02
1.165508721887268173e+00	3.619082268769531652e+02
1.171793076256210320e+00	3.581142619105674498e+02
1.178087436369658958e+00	3.561876388524400454e+02
1.184367654251526902e+00	3.548566288281782590e+02
1.190634642299266632e+00	3.525553376319317636e+02
1.196912208834400859e+00	3.504861315556379964e+02
1.203201577354146234e+00	3.478411899061644590e+02
1.209486844441705733e+00	3.467209765064967542e+02
1.215763902074809888e+00	3.437023350954490866e+02
1.222049755171146668e+00	3.417089446659721261e+02
1.228340616621486969e+00	3.417634275361369873e+02
1.234632986576932767e+00	3.388798007524077889e+02
1.240902247176856488e+00	3.364232966845506780e+02
1.247174839144687519e+00	3.345327217195364824e+02
1.253465459933442272e+00	3.337518153857619723e+02
1.259749951892178421e+00	3.310894996613703825e+02
1.266032143127253873e+00	3.297348337847363382e+02
1.272316288472006507e+00	3.270220547314571604e+02
1.278604155058621350e+00	3.265247590852745816e+02
1.284886588933593865e+00	3.250583547620418017e+02
1.291175420066583257e+00	3.237827862737632358e+02
1.297465726373772332e+00	3.201240600738827879e+02
1.303741827011944299e+00	3.196102013557043620e+02
1.310017322922761851e+00	3.164099206403540165e+02
1.316301447662886703e+00	3.158320174670378719e+02
1.322586760363303249e+00	3.134713318896206147e+02
1.328865492452874664e+00	3.123849948500099458e+02
1.335144804954555564e+00	3.097409751227763195e+02
1.341440516272275119e+00	3.085482285974510432e+02
1.347730868417094552e+00	3.078863438623020556e+02
1.354001589994877630e+00	3.063445142625557196e+02
1.360282609297778444e+00	3.030953442198529615e+02
1.366565686457597906e+00	3.026620809115933071e+02
1.372851498482432708e+00	3.009806801787087807e+02
1.379135372929401804e+00	2.992754034702006720e+02
1.385409567149057164e+00	2.983708587830050192e+02
1.391698641219299315e+00	2.964428588484651641e+02
1.397984451439470810e+00	2.951727522417668865e+02
1.404267883409181961e+00	2.935308563131504229e+02
1.410554779484869181e+00	2.913294098755927166e+02
1.416837833547465397e+00	2.891312597229667745e+02
1.423118177187137068e+00	2.885646727366528808e+02
1.429397801164240089e+00	2.861896427468245179e+02
1.435686921822787232e+00	2.849311499068714397e+02
1.441977121769299597e+00	2.830279341285423129e+02
1.448253667853332427e+00	2.834692808633554932e+02
1.454532348972172651e+00	2.810692932784633626e+02
1.460819319151879903e+00	2.793283424939999122e+02
1.467110364402026468e+00	2.780386770802438150e+02
1.473392908948962132e+00	2.773239612298340830e+02
1.479669965243598950e+00	2.753714106899253125e+02
1.485956144602843532e+00	2.737455056198247689e+02
1.492233610763115115e+00	2.721427109260673092e+02
1.498502470379980078e+00	2.709428416330940195e+02
1.504785752051182701e+00	2.697210939374696181e+02
1.511075991894575976e+00	2.682692477456084816e+02
1.517361634985162189e+00	2.670547365376142466e+02
1.523648570969130533e+00	2.659222670314699144e+02
1.529938035715892264e+00	2.647888588896757369e+02
1.536230176913891965e+00	2.629663878469607994e+02
1.542510718779388279e+00	2.619648487523634230e+02
1.548783963082980275e+00	2.603050428563036576e+02
1.555073069779651318e+00	2.588390221335217234e+02
1.561357324927233892e+00	2.580020902626123984e+02
1.567629121053141006e+00	2.562467321039662238e+02
1.573913697404382583e+00	2.546532946533607742e+02
1.580203545230874029e+00	2.543418237406144158e+02
1.586485393434537983e+00	2.521388101827994035e+02
1.592760014263005841e+00	2.514440937511139396e+02
1.599046436394670812e+00	2.497072577604077139e+02
1.605342136637478934e+00	2.483051376648163284e+02
1.611619860919608627e+00	2.473439447596317962e+02
1.617897597081673799e+00	2.459574995410227984e+02
1.624183235481122756e+00	2.447898726539424388e+02
1.630464598531913722e+00	2.442329129363502318e+02
1.636748985747638274e+00	2.427440745664562769e+02
1.643030923698886259e+00	2.413043440190103297e+02
1.649309176648513064e+00	2.401940632024366948e+02
1.655593633940351861e+00	2.390215296032960737e+02
1.661879571405086464e+00	2.381005132853524060e+02
1.668169361685170271e+00	2.367612569107655247e+02
1.674450151530487485e+00	2.355281098108292497e+02
1.680722718978495900e+00	2.345652697305214645e+02
1.687013891340952476e+00	2.331414049308797019e+02
1.693308984907921033e+00	2.317457202212329719e+02
1.699582147428448486e+00	2.310471844123353549e+02
1.705863747055134105e+00	2.296301055484800600e+02
1.712154434283889470e+00	2.287218035963092007e+02
1.718438381579399321e+00	2.277028534895423206e+02
1.724721264464063930e+00	2.264540603669669565e+02
1.730997441276920679e+00	2.253000202168563817e+02
1.737287073528269499e+00	2.242322539362208147e+02
1.743567991878527401e+00	2.230350358015159316e+02
1.749840680212231048e+00	2.225089052343751916e+02
1.756128549091961144e+00	2.208366800679287962e+02
1.762413535324792502e+00	2.197552332374762898e+02
1.768696187669963837e+00	2.190565957183864612e+02
1.774979359379055266e+00	2.179317551579120504e+02
1.781265555576432957e+00	2.162324864493047016e+02
1.787549427830244619e+00	2.165498245145632268e+02
1.793834120011633004e+00	2.154106041122369675e+02
1.800115051552487300e+00	2.136104116388771104e+02
1.806393904854530330e+00	2.132708987476865730e+02
1.812674089667083432e+00	2.122140028267616572e+02
1.818956920109354058e+00	2.111723483750865569e+02
1.825244164118212220e+00	2.103629637352011059e+02
1.831527256642196955e+00	2.096191239635682564e+02
1.837811294935716599e+00	2.081095524536535777e+02
1.844100717411196744e+00	2.075391852047292787e+02
1.850384816792487230e+00	2.060565025924100269e+02
1.856666059735203822e+00	2.054978601186762148e+02
1.862947728675613979e+00	2.043690772091829047e+02
1.869229324466858078e+00	2.035870773646152259e+02
1.875517616802973686e+00	2.025147952975029568e+02
1.881800769033795229e+00	2.015704238801058636e+02
1.888078863416442710e+00	2.013174547571071855e+02
1.894353975182237582e+00	1.998764139503109334e+02
1.900642716154182565e+00	1.986538319736555422e+02
1.906933494748685121e+00	1.977059228396930735e+02
1.913207568676573933e+00	1.975021545384114177e+02
1.919490884732178992e+00	1.962155907830099579e+02
1.925776855684274480e+00	1.954031558320869237e+02
1.932064452961978152e+00	1.942881302617322206e+02
1.938342610030488800e+00	1.932622108460362256e+02
1.944618341543410178e+00	1.927878808658236949e+02
1.950906260203513876e+00	1.920048869342614637e+02
1.957194556613796488e+00	1.908185258333033687e+02
1.963479614559011432e+00	1.899966561198479269e+02
1.969760361532916226e+00	1.893867596721198368e+02
1.976048367034604736e+00	1.888803577408192496e+02
1.982337990217652335e+00	1.873137695421545743e+02
1.988617489259562721e+00	1.865157165682367122e+02
1.994896320665194178e+00	1.858144146221620190e+02
2.001179596222827151e+00	1.849345018900995967e+02
2.007459756923499761e+00	1.840636320649536799e+02
2.013737397779169935e+00	1.837204729287847442e+02
2.020017234677497164e+00	1.831009682419981459e+02
2.026310251015072783e+00	1.821735587336621904e+02
2.032600542948020284e+00	1.812552477756260600e+02
2.038873863192099289e+00	1.806383578198859539e+02
2.045154087821675404e+00	1.797033800518654516e+02
2.051444704514288730e+00	1.789408751012983885e+02
2.057730430280644729e+00	1.782050508893676408e+02
2.064013940455224461e+00	1.773500390502475454e+02
2.070299891179459895e+00	1.765394610342235922e+02
2.076589719964883951e+00	1.755988798584465087e+02
2.082865483794470673e+00	1.752680339097188664e+02
2.089134494859368640e+00	1.743355556181807344e+02
2.095424211360070288e+00	1.735752754901344019e+02
2.101707116664804254e+00	1.726911772318341889e+02
2.107986473933564309e+00	1.720276375136927811e+02
2.114271806543862375e+00	1.716812617245821286e+02
2.120552717288892275e+00	1.708538023804322847e+02
2.126836933207161717e+00	1.699911834775273576e+02
2.133122044791171845e+00	1.697693340369343673e+02
2.139411711910842673e+00	1.687948756837854773e+02
2.145697076775292089e+00	1.679245954610871649e+02
2.151973548606471276e+00	1.672344455110142576e+02
2.158259913555724108e+00	1.664659197479374768e+02
2.164545396699105506e+00	1.659287829263206504e+02
2.170830700377734068e+00	1.653118926765507695e+02
2.177114138849150393e+00	1.647923111431749703e+02
2.183387647576827018e+00	1.640140217060057068e+02
2.189670273687676971e+00	1.627845120507092531e+02
2.195960147934207463e+00	1.624812638316727202e+02
2.202242556317716371e+00	1.621155484411121677e+02
2.208521655981037668e+00	1.611935136791810805e+02
2.214804637081333016e+00	1.608348132850851755e+02
2.221092583349425276e+00	1.599746873658838240e+02
2.227372893591468728e+00	1.592322646253878702e+02
2.233657161144248171e+00	1.588848146685872393e+02
2.239943485394438660e+00	1.579505181510573379e+02
2.246224175264620815e+00	1.574281821525935641e+02
2.252506378421252009e+00	1.565494408614276551e+02
2.258783417054270437e+00	1.564127715781301049e+02
2.265069077371457684e+00	1.553136728560920687e+02
2.271350377044131452e+00	1.547846045263729025e+02
2.277633995145353918e+00	1.542211288627845533e+02
2.283922419579920149e+00	1.534455913863353089e+02
2.290202874392252674e+00	1.533248097067334470e+02
2.296490779970905560e+00	1.522093178518407797e+02
2.302771769934229162e+00	1.518936156382313527e+02
2.309051364164305564e+00	1.510670264803256373e+02
2.315338502539088239e+00	1.506640079898583622e+02
2.321627336503874428e+00	1.501343187535344157e+02
2.327911878297218795e+00	1.494562091156666668e+02
2.334186238580297168e+00	1.490653047102098583e+02
2.340467971862688401e+00	1.483148781634392321e+02
2.346756940970738725e+00	1.478684986819494895e+02
2.353044444556199988e+00	1.475288887467638972e+02
2.359327653314069906e+00	1.466076004248448328e+02
2.365603048789861607e+00	1.461367231019826818e+02
2.371885911737665165e+00	1.458224006324099946e+02
2.378173303594019572e+00	1.451653439446115783e+02
2.384454016539381271e+00	1.447558149178488236e+02
2.390736447344785187e+00	1.442634102946141468e+02
2.397014133897952259e+00	1.435218258482396436e+02
2.403295490074321972e+00	1.430265456217676387e+02
2.409585049672506862e+00	1.426252837421313870e+02
2.415871703165322071e+00	1.422097275181307623e+02
2.422160652369088840e+00	1.415445575405608167e+02
2.428440167222748691e+00	1.408340703140494838e+02
2.434717472383889803e+00	1.407029108164111051e+02
2.441002456202044257e+00	1.399740163837741136e+02
2.447289980304530488e+00	1.392357446809880628e+02
2.453571844729242279e+00	1.390356204361987977e+02
2.459852705114058846e+00	1.383900822079055501e+02
2.466139233225018934e+00	1.380978474673626124e+02
2.472421963421291391e+00	1.376140700069402101e+02
2.478698519174224568e+00	1.370170016693103321e+02
2.484980841400355800e+00	1.366544127598968146e+02
2.491269319409339822e+00	1.360910673152489494e+02
2.497548505139029373e+00	1.356327004352687027e+02
2.503831667172610853e+00	1.352450977175886351e+02
2.510117938323931153e+00	1.348653703108079753e+02
2.516400733681277480e+00	1.342703382543269868e+02
2.522688226833368130e+00	1.338436762632682360e+02
2.528971695852665569e+00	1.334586015689579312e+02
2.535252039407670299e+00	1.330480282957517204e+02
2.541537514142774512e+00	1.326815786928805210e+02
2.547823008847572179e+00	1.320031763387165711e+02
2.554100666580690238e+00	1.317155059738849161e+02
2.560376788884177301e+00	1.313628921074773928e+02
2.566667521601497359e+00	1.308588095534275055e+02
2.572955062237090473e+00	1.305242725393281944e+02
2.579233771797999175e+00	1.303273512718818665e+02
2.585520164300948220e+00	1.297575755209775821e+02
2.591805130332431872e+00	1.293098188701169988e+02
2.598084074692260881e+00	1.288271800606337649e+02
2.604360404197643586e+00	1.283923180818067067e+02
2.610647185140439142e+00	1.278930849022635243e+02
2.616931864059273138e+00	1.277261716717573421e+02
2.623206107911065565e+00	1.271789169989759074e+02
2.629491626543270844e+00	1.271456888803860039e+02
2.635778507982642349e+00	1.265572779960162109e+02
2.642061039325260818e+00	1.261922790785383057e+02
2.648343840729305843e+00	1.258661202087369588e+02
2.654631838974855551e+00	1.254951687900220207e+02
2.660919001246303761e+00	1.249408256423349997e+02
2.667198525130066056e+00	1.249156713126345153e+02
2.673484307038032526e+00	1.245837545336573982e+02
2.679773388053849459e+00	1.242056330726104534e+02
2.686058217632288692e+00	1.237009397333526692e+02
2.692338738200057868e+00	1.235205601369599435e+02
2.698618022887226964e+00	1.230897691227561523e+02
2.704895450708277860e+00	1.226732913354416183e+02
2.711175674923682166e+00	1.224138386821486648e+02
2.717459832966957922e+00	1.220800631260132576e+02
2.723745731959044569e+00	1.217431222948538334e+02
2.730038414850594730e+00	1.215451432858385061e+02
2.736317989800789441e+00	1.210983655650777138e+02
2.742591858549239703e+00	1.209371783287092228e+02
2.748879749010778362e+00	1.203836282402453293e+02
2.755163403825859447e+00	1.200838406537428114e+02
2.761446955625852073e+00	1.200647289017229866e+02
2.767732088935374701e+00	1.195252670544091842e+02
2.774015452421743966e+00	1.194362145540188607e+02
2.780298635700591436e+00	1.192634597228971671e+02
2.786577474762241380e+00	1.186610942532826556e+02
2.792857983210164541e+00	1.186099976119718349e+02
2.799143790920211483e+00	1.182330626783150365e+02
2.805430058399325244e+00	1.178604016347297261e+02
2.811715058209780072e+00	1.176742575510328663e+02
2.817989272498773623e+00	1.173683192814966958e+02
2.824269171595737760e+00	1.173217224447780467e+02
2.830563016441804081e+00	1.169261268843708592e+02
2.836848750951622034e+00	1.169192843249380758e+02
2.843130027866129783e+00	1.164270029684832082e+02
2.849413896912404986e+00	1.162740632235775990e+02
2.855697464522425566e+00	1.160669318161308752e+02
2.861978799810683594e+00	1.156730597803631042e+02
2.868262469415629567e+00	1.154859250373185091e+02
2.874547359206753860e+00	1.154338593677298093e+02
2.880831111471525041e+00	1.151657177304201269e+02
2.887113216972382546e+00	1.148593134420523683e+02
2.893394504725182781e+00	1.146538928329176770e+02
2.899673662137033592e+00	1.145123015316300439e+02
2.905953958587380814e+00	1.142887407331169669e+02
2.912241118105161064e+00	1.142044404901588308e+02
2.918525996366671205e+00	1.142319405466284650e+02
2.924809035425688819e+00	1.137639906159909771e+02
2.931095916293684933e+00	1.137358393825604281e+02
2.937378182606774413e+00	1.133378594232116114e+02
2.943659980254369923e+00	1.132615252679998861e+02
2.949946454403890250e+00	1.132355933002701249e+02
2.956227653702202307e+00	1.130412819430191007e+02
2.962510478867462993e+00	1.129123531415589810e+02
2.968796535179442309e+00	1.128053675614497990e+02
2.975077657376874907e+00	1.124470780351628036e+02
2.981359866759223376e+00	1.123807022907075890e+02
2.987646761575656562e+00	1.123641547160890326e+02
2.993929038370399365e+00	1.120346008608398165e+02
3.000206214840962726e+00	1.119936193437668805e+02
3.006486172402415669e+00	1.119373905797536963e+02
3.012769812211594456e+00	1.119912633232064820e+02
3.019053144326170113e+00	1.116587334066464052e+02
3.025337405144251424e+00	1.115984787472153101e+02
3.031623734799107961e+00	1.115574888229396322e+02
3.037908962055872575e+00	1.114659760280207763e+02
3.044195067146031608e+00	1.113448630881082551e+02
3.050475543482170426e+00	1.112995099900172136e+02
3.056754954538277502e+00	1.112469504167086853e+02
3.063040539557494668e+00	1.113809012799487022e+02
3.069323699454357346e+00	1.111293166848108882e+02
3.075610692642898769e+00	1.110025063964857850e+02
3.081893798009918584e+00	1.111573984243652973e+02
3.088174549548037717e+00	1.109831601681206479e+02
3.094458635632868493e+00	1.110575503328507097e+02
3.100743982931558840e+00	1.109057941875528002e+02
3.107028111748448396e+00	1.109762786679306714e+02
3.113309299655494300e+00	1.109919826144606532e+02
3.119590662867241626e+00	1.108285389814108726e+02
3.125874006820172912e+00	1.110772007041069998e+02
3.132159251154602586e+00	1.109637965225420686e+02
3.138439172765940643e+00	1.110490760551970340e+02
3.144723867719826593e+00	1.110530311692873084e+02
3.151003951258561031e+00	1.111882809319961609e+02
3.157283664131563139e+00	1.108962350480860550e+02
3.163569317183839935e+00	1.111063704389851097e+02
3.169851661717792091e+00	1.114215954381503479e+02
3.176137704316093657e+00	1.112230044562939071e+02
3.182420924828643916e+00	1.114573522116656363e+02
3.188702811875577581e+00	1.113895572033950003e+02
3.194990520008989865e+00	1.114523506171368439e+02
3.201275324656983834e+00	1.115257161212182666e+02
3.207551352179861759e+00	1.115345282587030056e+02
3.213835216737041645e+00	1.118090607094352862e+02
3.220122579819103770e+00	1.117560159828473019e+02
3.226406606618656525e+00	1.115170361148877731e+02
3.232687390085645429e+00	1.112188386150898793e+02
3.238969121280456331e+00	1.108181788191827906e+02
3.245254751548589667e+00	1.107753798989671594e+02
3.251534499036136783e+00	1.105774682261959896e+02
3.257817780791052442e+00	1.101798128063479396e+02
3.264102164154097263e+00	1.100429882692583874e+02
3.270384152138468892e+00	1.099203597928250105e+02
3.276669427476867735e+00	1.093772479533182889e+02
3.282954688864507808e+00	1.092916111827601497e+02
3.289237200334947264e+00	1.091946410041885258e+02
3.295519587088236779e+00	1.087563950486967457e+02
3.301805977329951958e+00	1.085896807789204530e+02
3.308087486222440088e+00	1.082764570977999199e+02
3.314367630234227313e+00	1.081501596803410052e+02
3.320651909732194262e+00	1.079195891531414588e+02
3.326931260376857047e+00	1.074407522086814168e+02
3.333216512447217728e+00	1.073351576373553371e+02
3.339504489419978128e+00	1.073515762830718927e+02
3.345786804809928405e+00	1.069420972802822689e+02
3.352071130016277767e+00	1.067287636737126348e+02
3.358351496304225581e+00	1.064438802462496767e+02
3.364630591073392019e+00	1.062229172550821374e+02
3.370916305215045483e+00	1.062551954486516479e+02
3.377197952029413752e+00	1.057918941258775192e+02
3.383483063818085501e+00	1.056722389451534241e+02
3.389769992424469969e+00	1.053743651722905810e+02
3.396051330885982100e+00	1.053950147229006689e+02
3.402330879139463971e+00	1.049860908645207331e+02
3.408610488352048495e+00	1.047728788792245211e+02
3.414897837696641236e+00	1.046715284088411124e+02
3.421180484052105619e+00	1.044326491184311863e+02
3.427461639653846870e+00	1.043544129727616507e+02
3.433749159643459059e+00	1.042338713781550297e+02
3.440032646656798310e+00	1.040371113165882377e+02
3.446313366033385339e+00	1.037388174511077636e+02
3.452600135384134905e+00	1.036686333069989132e+02
3.458883152815406703e+00	1.034750412222013267e+02
3.465163834403715448e+00	1.032189804148119237e+02
3.471449329786229221e+00	1.029581153886808949e+02
3.477734476754053894e+00	1.027434153852015726e+02
3.484019652467224226e+00	1.026813191722608707e+02
3.490297019369712928e+00	1.025283878690424189e+02
3.496582486484379970e+00	1.023000591405822490e+02
3.502868048046865024e+00	1.020403954100553818e+02
3.509144649545451244e+00	1.020391762352349332e+02
3.515428082003116295e+00	1.017259921649235395e+02
3.521711031624695565e+00	1.016545140071968376e+02
3.527991850954735664e+00	1.015081096410117993e+02
3.534275545726699885e+00	1.013710950695746646e+02
3.540562632020772149e+00	1.011246164559492939e+02
3.546844410757220789e+00	1.010893133703542759e+02
3.553131386753758836e+00	1.008703164661778970e+02
3.559419203211965144e+00	1.007146491087640641e+02
3.565697971577579839e+00	1.005638408268512620e+02
3.571979559134798254e+00	1.005520423092066977e+02
3.578265774595833726e+00	1.003956744202020275e+02
3.584548309769353125e+00	1.002309955529564860e+02
3.590826843920031486e+00	9.996038735277087994e+01
3.597107306745233934e+00	1.000204086226688531e+02
3.603392831792229245e+00	9.983655957348926790e+01
3.609673209822572559e+00	9.975153540944432962e+01
3.615955412133016189e+00	9.953676381028255093e+01
3.622241607772384686e+00	9.968352661282183647e+01
3.628520252736676444e+00	9.929745080240711275e+01
3.634804827569451113e+00	9.935386117700959119e+01
3.641094981788862928e+00	9.923123825671540033e+01
3.647383514928639325e+00	9.883565587015380061e+01
3.653663283927725658e+00	9.875082901850841210e+01
3.659943504072155296e+00	9.881130773814176393e+01
3.666232000281138603e+00	9.864633602559918302e+01
3.672514211678317597e+00	9.840528006045940401e+01
3.678794154686042539e+00	9.823434325291253799e+01
3.685078621861909820e+00	9.817191642597735779e+01
3.691359210097977961e+00	9.808347338892052392e+01
3.697642368173791105e+00	9.785054532797549598e+01
3.703925796735277665e+00	9.821763036045568640e+01
3.710208240364660348e+00	9.785558031641652121e+01
3.716494593122387169e+00	9.785918995642728646e+01
3.722775386659595398e+00	9.773343451789081371e+01
3.729058392883481510e+00	9.766578132036103455e+01
3.735339748210807720e+00	9.749175577517978297e+01
3.741620776392969638e+00	9.748704900362213266e+01
3.747904795418762980e+00	9.754855073233611051e+01
3.754190633281219380e+00	9.712454555662802136e+01
3.760478208018912749e+00	9.709084071362278223e+01
3.766755538573464346e+00	9.706074361958026486e+01
3.773032090135151506e+00	9.706508457677115587e+01
3.779322553012896879e+00	9.696429310484161590e+01
3.785609109731308930e+00	9.697660793429417936e+01
3.791889825936295200e+00	9.686931755915142617e+01
3.798174822702435893e+00	9.683998588411010644e+01
3.804458658753491651e+00	9.678321280355578438e+01
3.810738438095723435e+00	9.677567453625515270e+01
3.817018850285747167e+00	9.673683510638620930e+01
3.823305314209427763e+00	9.671797112763341886e+01
3.829591295197792178e+00	9.659256702733696898e+01
3.835872296070849341e+00	9.636226700905750420e+01
3.842156279590906109e+00	9.635842243477459590e+01
3.848441511099312429e+00	9.622641425125787862e+01
3.854723334376886079e+00	9.626861001251405980e+01
3.861004740704794713e+00	9.650217899907248409e+01
3.867284336650660848e+00	9.614257595347757501e+01
3.873567367678779849e+00	9.614764532380596052e+01
3.879850662830422792e+00	9.626353780177204555e+01
3.886137063198143338e+00	9.623136855784393617e+01
3.892419463049126005e+00	9.617072804438814160e+01
3.898703740328622658e+00	9.622579844047196218e+01
3.904991458788179326e+00	9.630686304152284549e+01
3.911270842222104083e+00	9.620063123867622323e+01
3.917549806479573071e+00	9.610244632053759517e+01
3.923836006203090587e+00	9.611710511152104175e+01
3.930121452497870926e+00	9.608638700905652286e+01
3.936398172858230460e+00	9.622678585795067363e+01
3.942683040425962293e+00	9.623349980250118563e+01
3.948974759704379611e+00	9.625819943062025175e+01
3.955259227995065352e+00	9.612498346692038353e+01
3.961537174921395454e+00	9.630246459911802503e+01
3.967820217617139544e+00	9.604893408287630052e+01
3.974105559832568968e+00	9.632499665258930577e+01
3.980384727931198352e+00	9.638003566669104316e+01
3.986664590839849698e+00	9.629065419331263342e+01
3.992949619150675034e+00	9.641447013606453709e+01
3.999235075769965952e+00	9.646715527034295690e+01
4.005515715515433506e+00	9.658537310039339729e+01
4.011798434346478537e+00	9.639472305120119699e+01
4.018083716245132386e+00	9.654131033269143813e+01
4.024365700052603856e+00	9.675696913455661274e+01
4.030643960839860540e+00	9.664328645737289492e+01
4.036928708926215137e+00	9.675621559062277299e+01
4.043218157412017177e+00	9.677789108653435335e+01
4.049503019487663558e+00	9.685540051490266933e+01
4.055781898960511000e+00	9.695592663719880022e+01
4.062060795621602161e+00	9.684654089352721940e+01
4.068347865354716042e+00	9.692909828633806057e+01
4.074631027173265529e+00	9.725020434185211116e+01
4.080910837526078971e+00	9.725114189921960417e+01
4.087201203341442657e+00	9.742145146369051645e+01
4.093486818591942189e+00	9.742150501957425490e+01
4.099764387336505500e+00	9.745597171239916179e+01
4.106049166937662420e+00	9.748934179555230628e+01
4.112334559041358695e+00	9.764616566515228158e+01
4.118618926059533614e+00	9.781365494151961570e+01
4.124898942031112625e+00	9.782698955156530474e+01
4.131175432561665417e+00	9.788078516125825956e+01
4.137461563786142271e+00	9.807152036957747043e+01
4.143746006210170307e+00	9.826721995493130635e+01
4.150029800482964326e+00	9.832564037069073493e+01
4.156313390684649001e+00	9.842598836913833793e+01
4.162596105843763716e+00	9.864823114697172457e+01
4.168881843141768684e+00	9.860322084630990958e+01
4.175162111073220217e+00	9.892051911816675158e+01
4.181448573417560155e+00	9.902244213926607586e+01
4.187738782464171194e+00	9.911531478700631226e+01
4.194017437180169061e+00	9.929856500386080143e+01
4.200293572701767175e+00	9.942000124259912752e+01
4.206580195481546269e+00	9.954837294156142491e+01
4.212860644652220543e+00	9.976861805549503970e+01
4.219138153430114002e+00	1.001531664932195014e+02
4.225426162098283811e+00	1.002534702798631940e+02
4.231713506719782636e+00	1.002607890694501691e+02
4.237990056577191744e+00	1.004304935307861086e+02
4.244267783646744618e+00	1.005180691259298271e+02
4.250560660182562955e+00	1.008480327856788108e+02
4.256847734842668096e+00	1.007855215620415095e+02
4.263127100734456221e+00	1.012338959025632334e+02
4.269406860432507500e+00	1.013363278623197630e+02
4.275691671482192646e+00	1.014203783958447218e+02
4.281972414189518794e+00	1.015055978494219744e+02
4.288253516806755705e+00	1.017780709436724180e+02
4.294540520160492925e+00	1.021985472133685420e+02
4.300825742921731809e+00	1.021469007628563048e+02
4.307109835491901961e+00	1.023791572983029425e+02
4.313390926478413157e+00	1.026097226703240892e+02
4.319667979480563247e+00	1.025118019886010643e+02
4.325952598143786076e+00	1.029817377126314994e+02
4.332241647035422361e+00	1.034183180896378076e+02
4.338524445619096781e+00	1.034629302199977587e+02
4.344809348131129845e+00	1.036379045718653771e+02
4.351090699193166600e+00	1.038035395249671211e+02
4.357369710808320029e+00	1.043081314437294083e+02
4.363659348967174445e+00	1.041482609975031153e+02
4.369947418280990981e+00	1.040934654974393112e+02
4.376226569265827315e+00	1.046745940042546010e+02
4.382499356631129217e+00	1.047411342182006280e+02
4.388784975178015024e+00	1.051237303275452604e+02
4.395068696309480494e+00	1.052040515457081398e+02
4.401347962382031298e+00	1.056517932833638866e+02
4.407628405096517099e+00	1.057152899429296156e+02
4.413915862185140426e+00	1.057359899794141853e+02
4.420203163534264235e+00	1.057605198312908783e+02
4.426480311003382795e+00	1.059222667003941183e+02
4.432765973643649104e+00	1.065436555194069399e+02
4.439053392023870614e+00	1.062551611723373952e+02
4.445336141335588742e+00	1.065927237259233777e+02
4.451617241414883352e+00	1.069287039242592243e+02
4.457901500730311106e+00	1.067762521497905084e+02
4.464189501093017043e+00	1.071591962013623345e+02
4.470470197548729985e+00	1.067976223123808950e+02
4.476748044268524573e+00	1.071324490528287470e+02
4.483035990164653484e+00	1.067071569068578754e+02
4.489323331650528104e+00	1.071740356939381940e+02
4.495599111667934800e+00	1.073999892310951196e+02
4.501870922878794090e+00	1.069951657216105900e+02
4.508155162877705457e+00	1.072079906769936883e+02
4.514446451153479423e+00	1.066036198308263181e+02
4.520723894043856994e+00	1.063756685451195096e+02
4.527003782460155890e+00	1.068017594534534140e+02
4.533293086610313161e+00	1.062551985099876077e+02
4.539578989864040182e+00	1.063618138152414616e+02
4.545857164866476730e+00	1.063273548320754429e+02
4.552138955546025656e+00	1.056649886803883476e+02
4.558432046889146605e+00	1.056028645076078760e+02
4.564713463378488711e+00	1.053895343723937259e+02
4.570987274133244682e+00	1.048379945698652449e+02
4.577274818151045643e+00	1.048974118694896589e+02
4.583563263889338657e+00	1.052358737824126678e+02
4.589844917004465508e+00	1.051979149317566993e+02
4.596126259982004747e+00	1.049510799042115394e+02
4.602409075598298926e+00	1.050115934112631493e+02
4.608696634867644804e+00	1.055507393736989741e+02
4.614977646498861219e+00	1.049741776782874183e+02
4.621258953029527383e+00	1.049657915968571871e+02
4.627547993978874175e+00	1.050510788879620065e+02
4.633830152730579854e+00	1.050517994637495178e+02
4.640104005367354567e+00	1.050154997505411387e+02
4.646382060386754276e+00	1.051417753203124477e+02
4.652674213731970987e+00	1.049951171771497656e+02
4.658958291796220230e+00	1.052550698354050098e+02
4.665233615070169648e+00	1.054130968751856869e+02
4.671520675710307380e+00	1.054167848734981305e+02
4.677814351732177300e+00	1.057520480887473582e+02
4.684093699744638073e+00	1.056842633651710912e+02
4.690368661472568590e+00	1.057150955051871648e+02
4.696663270746453733e+00	1.058222149776119494e+02
4.702945459248681459e+00	1.056928686219825124e+02
4.709209170841929470e+00	1.062749025395318938e+02
4.715491634753063543e+00	1.061916489405522697e+02
4.721784316284933780e+00	1.065452276563403302e+02
4.728063062331094635e+00	1.065793605603813461e+02
4.734337423381671073e+00	1.068291651417058290e+02
4.740627024094544062e+00	1.067802441759139498e+02
4.746914995664547554e+00	1.070667318920086046e+02
4.753194740071086777e+00	1.072436068512291456e+02
4.759478891864783456e+00	1.073626621633545000e+02
4.765762396877359031e+00	1.073948134909058467e+02
4.772049481246195768e+00	1.073311624183775166e+02
4.778335091022592351e+00	1.074132653332830785e+02
4.784610831402393849e+00	1.081065654859486358e+02
4.790907306208476157e+00	1.087075578288535240e+02
4.797204047706418173e+00	1.086821559401933115e+02
4.803470827697504220e+00	1.089460472319424298e+02
4.809748850577324042e+00	1.087018343660933652e+02
4.816045316586602176e+00	1.091749068613325306e+02
4.822329240673497885e+00	1.096867033743829865e+02
4.828596758226470165e+00	1.091596763052115193e+02
4.834890332961369275e+00	1.096808540355649768e+02
4.841191655056394261e+00	1.104116365143410832e+02
4.847460407468000554e+00	1.104989846464212917e+02
4.853732128521334843e+00	1.104532662265074947e+02
4.860029138783373170e+00	1.106553699694574533e+02
4.866314601732018019e+00	1.113619846623198839e+02
4.872587026269203925e+00	1.118813903493444855e+02
4.878874221748241702e+00	1.119333749205743089e+02
4.885171078138658807e+00	1.123925575137145785e+02
4.891450629931857641e+00	1.125901640991394572e+02
4.897716482750221978e+00	1.132950730030535595e+02
4.904002834596266069e+00	1.132888804767427757e+02
4.910295858205786068e+00	1.137065325523414145e+02
4.916575188115905881e+00	1.141625398380988798e+02
4.922847946197084212e+00	1.142216236164339875e+02
4.929131667457151700e+00	1.147411996891090666e+02
4.935434460144239033e+00	1.150724943827600981e+02
4.941718513303545279e+00	1.155687680464953075e+02
4.947978624761803168e+00	1.158624434440215083e+02
4.954274999209829389e+00	1.169449702444121613e+02
4.960571094729937514e+00	1.169136903703108032e+02
4.966823207626954506e+00	1.172561669461326801e+02
4.973097418390337587e+00	1.180172670359791454e+02
4.979415129936382023e+00	1.183401591823326129e+02
4.985702082330368157e+00	1.179061285594699058e+02
4.991949985828016523e+00	1.191498874614724031e+02
4.998241586316924057e+00	1.199555163693352995e+02
5.004556635606089543e+00	1.207081509713766820e+02
5.010828655701208945e+00	1.210160390407488649e+02
5.017077229702536556e+00	1.207080529150391612e+02
5.023374414758113637e+00	1.222888401619976690e+02
5.029688873569548413e+00	1.225486179380027352e+02
5.035958413584124216e+00	1.234947454744617090e+02
5.042232667658486989e+00	1.235530299158945695e+02
5.048528755870775875e+00	1.240237971404062733e+02
5.054821121427484520e+00	1.248484258462971610e+02
5.061069509814582368e+00	1.267405132767059399e+02
5.067347812754101177e+00	1.258456248908028101e+02
5.073675050630431116e+00	1.260413981350813657e+02
5.079945928388977627e+00	1.279431074088031579e+02
5.086192992546071601e+00	1.285344384697577880e+02
5.092484128970163226e+00	1.289138177096700133e+02
5.098802924706086870e+00	1.300182512342956045e+02
5.105078217426394005e+00	1.311071213508670326e+02
5.111325076574067872e+00	1.309899945001193942e+02
5.117628358851224135e+00	1.327075451523427319e+02
5.123935939383525984e+00	1.327117297213092399e+02
5.130199176325612065e+00	1.332435061093859758e+02
5.136469985878846956e+00	1.341515785510308945e+02
5.142797788696348071e+00	1.347870591171551951e+02
5.149090378043822192e+00	1.360393041376721044e+02
5.155289879840074363e+00	1.377164710972235468e+02
5.161564521234301317e+00	1.371231305630113582e+02
5.167916673496016244e+00	1.378113027235445429e+02
5.174205974602950064e+00	1.389120460939718669e+02
5.180434820793812456e+00	1.403603982173895872e+02
5.186729096569634656e+00	1.405002453878169320e+02
5.193058481037780894e+00	1.423409810609745421e+02
5.199319511444338460e+00	1.438714001455857385e+02
5.205574295584361799e+00	1.441062796754583530e+02
5.211894977074066126e+00	1.459448047166985702e+02
5.218201708336958511e+00	1.459447162290656763e+02
5.224411911780083351e+00	1.471327992794639954e+02
5.230677632666463239e+00	1.474636938168137874e+02
5.237056729559757429e+00	1.499926753680552167e+02
5.243336785035660697e+00	1.512800783063221957e+02
5.249493476178225038e+00	1.525441740855311821e+02
5.255787017738318134e+00	1.538538321555544428e+02
5.262205327426889845e+00	1.542469200210030067e+02
5.268477758348532269e+00	1.561636177945045745e+02
5.274632213654732560e+00	1.566729471642341309e+02
5.280950543314659740e+00	1.577437405046568983e+02
5.287327645024750389e+00	1.594132128749760682e+02
5.293582359180156516e+00	1.608325844764678152e+02
5.299789992649893478e+00	1.602416165718497325e+02
5.306111460381987222e+00	1.629613610863943336e+02
5.312452717892129250e+00	1.672606978365937209e+02
5.318650122853046724e+00	1.665826184346318826e+02
5.324923043129819789e+00	1.696929668474438984e+02
5.331330237158205421e+00	1.688488661185361366e+02
5.337586726886338617e+00	1.738925466893693681e+02
5.343685192440848830e+00	1.751089059561935528e+02
5.350070659715249199e+00	1.756302152775889738e+02
5.356556762554878226e+00	1.767828021817600472e+02
5.362691868684501095e+00	1.786034299973469501e+02
5.368769208912516966e+00	1.803620620357842768e+02
5.375270137997677722e+00	1.819176397127670270e+02
5.381769983045385786e+00	1.893955164893503706e+02
5.387701030372958222e+00	1.845354855670015581e+02
5.393786668001271600e+00	1.881914402525740968e+02
5.400446161099396569e+00	1.866656435695718699e+02
5.406957063684501463e+00	1.928387308358879579e+02
5.412655672453426270e+00	1.958329291608268079e+02
5.418821279260546575e+00	1.954714400415382443e+02
5.425690594366304076e+00	1.976591557267432506e+02
5.432217487502165376e+00	2.001341936509659263e+02
5.437649811577258241e+00	2.074705559332180655e+02
5.443914404015878006e+00	2.063325523958974088e+02
5.450953501686320202e+00	2.083386278387628181e+02
5.457483690405861232e+00	2.087152162027625195e+02
5.462715250135157241e+00	2.090106820121001761e+02
5.469033575551323523e+00	2.147245691303722879e+02
5.476177730420278778e+00	2.149099543295391754e+02
5.482708935702562236e+00	2.227427730730350106e+02
5.487722405008360838e+00	2.201737856999757810e+02
5.494194284996126498e+00	2.284487074584648667e+02
5.501391471009256406e+00	2.280859746579317289e+02
5.507128202673079009e+00	2.303101515557513608e+02
5.512278020050448646e+00	2.392606502342017620e+02
5.519395563377015534e+00	2.226902955014876966e+02
5.526598678609708770e+00	2.431238504311554038e+02
5.532162682462509196e+00	2.562455288481546063e+02
5.537397124017139127e+00	2.329274740805462613e+02
5.544582756485218589e+00	2.679961406755314215e+02
5.551739327507637434e+00	2.412499792183298268e+02
5.557493306674907707e+00	2.678118844481084579e+02
5.562281709102816940e+00	3.161505900800168547e+02
5.569272720323164449e+00	6.733910989333738826e+02
