8.899641224696953554e-03	1.104246617561961648e+04
1.507912216506557788e-02	1.332165341027405157e+04
2.144790186456836667e-02	1.781950868950114091e+04
2.783660776489276650e-02	1.145356750175075285e+04
3.435099785803411021e-02	1.014343055460293363e+04
4.047886761425745911e-02	8.693133651409052618e+03
4.676716683575679601e-02	8.363424226471202928e+03
5.308225101765951665e-02	7.023772034621518287e+03
5.945362440940590160e-02	6.700355324514037420e+03
6.576224814588792211e-02	5.913026203313525912e+03
7.196632906698736953e-02	5.487192688961780732e+03
7.827860915688347743e-02	5.577221835220522735e+03
8.470398945834539672e-02	4.539672864043007394e+03
9.096854620527369817e-02	4.035535648341667184e+03
9.720789776830213169e-02	3.642815941114881298e+03
1.034763038959366499e-01	3.363582167668198053e+03
1.097576444254559219e-01	2.936758458415530185e+03
1.160543084780093354e-01	2.822584431437443527e+03
1.223669666537485351e-01	2.538793210549308696e+03
1.286817263090294094e-01	2.585858627285218972e+03
1.349500801664080818e-01	2.352777837453532811e+03
1.411949558842147678e-01	2.238089548746876517e+03
1.475133575747468451e-01	2.108251478722369029e+03
1.537865074252268427e-01	1.940694839215964066e+03
1.600657544051110326e-01	1.823558014272028004e+03
1.663991168687080635e-01	1.674948667040640885e+03
1.727195645776442856e-01	1.616815738302576392e+03
1.789765213377084718e-01	1.509764493129487391e+03
1.852353690647852158e-01	1.510149806241134456e+03
1.914806787341157279e-01	1.427796935304317685e+03
1.977889868651535599e-01	1.370038011891753513e+03
2.040937735447724277e-01	1.313542336973054034e+03
2.103939302609846018e-01	1.251904985940853521e+03
2.166909709822301688e-01	1.195402222534161183e+03
2.229700281216152047e-01	1.138362208923547769e+03
2.292620027086341994e-01	1.058858501898405393e+03
2.355141508366812297e-01	1.056346131914912576e+03
2.417910583817859116e-01	1.004494510487153548e+03
2.480856539439619257e-01	9.609304178448536504e+02
2.543492256872954549e-01	9.314252438938769956e+02
2.606334251884805386e-01	9.069127565115730931e+02
2.669257370896960802e-01	8.735475672839482968e+02
2.732423343141155980e-01	8.507321144395576766e+02
2.795529680084415936e-01	8.135104040148511331e+02
2.858366292314493129e-01	8.022879724852643903e+02
2.920876271394311496e-01	7.903467031180127833e+02
2.983449844439822751e-01	7.501021245978674870e+02
3.046382639407197446e-01	7.285646354257024768e+02
3.109279127003197196e-01	7.103553377577600259e+02
3.172168171618398036e-01	6.919183147167007064e+02
3.235187567944423082e-01	6.651910835535901469e+02
3.298168217550395687e-01	6.594474757653351844e+02
3.361176429457156667e-01	6.404810288071575997e+02
3.423700375709273769e-01	6.240065511124632849e+02
3.486478192666269682e-01	5.990632065956961014e+02
3.549411614411318028e-01	5.874854646111136844e+02
3.611916935421040642e-01	5.781561247262044390e+02
3.674767089563572564e-01	5.637982192190003161e+02
3.737647795277591056e-01	5.543515725705973409e+02
3.800654031475132477e-01	5.376314070184852199e+02
3.863539861259823738e-01	5.366022773738884553e+02
3.926140181364449755e-01	5.234746825970175905e+02
3.989264500321934581e-01	5.052581897520219059e+02
4.052073244576828714e-01	5.031191458883362770e+02
4.114916477570477182e-01	4.902212778879504640e+02
4.177814272116491257e-01	4.803453440727175234e+02
4.240400648725131116e-01	4.690888996526504684e+02
4.303425690270192283e-01	4.624867601579471170e+02
4.366358560255625965e-01	4.551042116881411062e+02
4.428996183220763605e-01	4.494320938237634664e+02
4.491634418529859563e-01	4.376207077951571591e+02
4.554414146254732731e-01	4.312754762375471387e+02
4.617634470301058558e-01	4.241056262267031229e+02
4.680644242023710433e-01	4.180860328464365807e+02
4.743485242764365895e-01	4.096567939091851827e+02
4.806356136815400082e-01	4.047347921713100618e+02
4.869019258388697646e-01	3.958737265701476531e+02
4.931697099599955947e-01	3.921968841840304663e+02
4.994506747144535908e-01	3.845962875127584084e+02
5.057159051335421429e-01	3.796083749613704299e+02
5.119923996268095356e-01	3.747346922834610723e+02
5.183126097768406826e-01	3.710288092558129733e+02
5.246089638029100000e-01	3.625376075114394894e+02
5.308757308483337267e-01	3.562320734435817258e+02
5.371573527946726934e-01	3.523369639247832197e+02
5.434579563783791256e-01	3.489994069019436438e+02
5.497430652392217842e-01	3.440156592176127219e+02
5.559937427501778773e-01	3.368921601810302491e+02
5.622854676609657654e-01	3.357062313589589166e+02
5.686011537227265711e-01	3.305511557750833163e+02
5.748804589422079614e-01	3.259184986213836623e+02
5.811550210340560296e-01	3.232270000404902248e+02
5.874394496660968468e-01	3.189755083857214117e+02
5.937176220296899176e-01	3.149810872627805338e+02
5.999971954793682505e-01	3.094601118170743916e+02
6.062679115124277596e-01	3.040024069441040524e+02
6.125469576444534381e-01	3.037431987227695913e+02
6.188477733041515272e-01	3.008332510603968331e+02
6.251310567437898813e-01	2.957260928680074699e+02
6.314027450383210560e-01	2.921729278234133176e+02
6.377003562732055375e-01	2.908215065059104631e+02
6.439857783314556494e-01	2.879490164508086423e+02
6.502685417166111925e-01	2.849363573445913289e+02
6.565586117699038216e-01	2.796099670918047764e+02
6.628369282359254377e-01	2.789069288196576508e+02
6.691185444962194362e-01	2.754663283846617787e+02
6.754070198575605755e-01	2.721542282342991825e+02
6.816835514593204692e-01	2.692642943401575621e+02
6.879592533861698112e-01	2.670951580504682283e+02
6.942344317039531587e-01	2.642409830831517183e+02
7.005175402434737908e-01	2.611107791082138192e+02
7.068124956608716758e-01	2.600222921557406153e+02
7.131019009674921527e-01	2.570967220769397841e+02
7.193918251171427247e-01	2.541650574679511010e+02
7.256833807598113140e-01	2.506885578459225314e+02
7.319652682709349989e-01	2.505581548549315869e+02
7.382507990484923344e-01	2.482626981539274595e+02
7.445265842115937893e-01	2.449097676162877804e+02
7.507871101942712455e-01	2.434170857677029289e+02
7.570758465316046459e-01	2.422647430352957656e+02
7.633641233600957365e-01	2.377216509102088082e+02
7.696462959862266917e-01	2.359766111157539399e+02
7.759394865175414102e-01	2.338862036460985792e+02
7.822329141989586843e-01	2.326967435984204542e+02
7.885314936520240181e-01	2.317296024610813276e+02
7.947896566979522071e-01	2.282491416986912611e+02
8.010491096592354809e-01	2.257116848424471698e+02
8.073364061727361651e-01	2.238084408781787999e+02
8.136229488373866170e-01	2.218723723442432174e+02
8.199152998961036776e-01	2.205545866674217166e+02
8.261952636392789762e-01	2.189577015333128429e+02
8.324897070080405914e-01	2.164900540128686259e+02
8.387959309210778480e-01	2.160736309966148383e+02
8.450634639703045181e-01	2.138862469181035522e+02
8.513282867562648182e-01	2.116309872169525477e+02
8.576198263902009566e-01	2.111659654554268855e+02
8.639058477062415697e-01	2.099313045451503399e+02
8.701838745487597837e-01	2.076625999483856049e+02
8.764641096075268534e-01	2.069003484975866627e+02
8.827503873399735745e-01	2.042955622597380341e+02
8.890332768393869323e-01	2.033778479970446540e+02
8.953084247113127780e-01	2.020315149906403178e+02
9.015956521667095602e-01	2.003699420993550007e+02
9.078833328094829680e-01	1.985651052752171211e+02
9.141744106319863450e-01	1.964682033607603557e+02
9.204630817717615043e-01	1.959815922914138469e+02
9.267434415264711456e-01	1.942967993532864455e+02
9.330324197354928906e-01	1.924629239185500467e+02
9.393265785573878812e-01	1.927462892794634399e+02
9.455974810398196650e-01	1.895139560103604595e+02
9.518660018545171964e-01	1.893126652012844318e+02
9.581413255531838757e-01	1.878656344152535098e+02
9.644350945109106954e-01	1.863544097778445803e+02
9.707355633568249820e-01	1.853985485291568978e+02
9.770080768450029041e-01	1.845878415450253556e+02
9.832823325363413414e-01	1.815553749551102669e+02
9.895569691966674686e-01	1.820273162519021639e+02
9.958456301921106979e-01	1.808554580954903486e+02
1.002136210743837408e+00	1.789186162518628862e+02
1.008404825335135424e+00	1.787623095529783654e+02
1.014694149836243398e+00	1.770712157683258283e+02
1.020992555437297167e+00	1.758479173732112599e+02
1.027273980437394485e+00	1.745861475861296128e+02
1.033559181896017254e+00	1.738306511227615374e+02
1.039847557392594934e+00	1.729570187244439978e+02
1.046126974943305088e+00	1.707711523068912527e+02
1.052403436811028659e+00	1.695854746361969489e+02
1.058680704651608684e+00	1.689171480102733653e+02
1.064964333065789193e+00	1.688209684756392903e+02
1.071256777440835473e+00	1.673367269419461536e+02
1.077544048801078125e+00	1.663087796324530530e+02
1.083824820188043603e+00	1.653443875740219937e+02
1.090108023942816695e+00	1.642666757923721548e+02
1.096389665956643222e+00	1.628600753956949063e+02
1.102681132058841440e+00	1.619610577542862586e+02
1.108963047594879958e+00	1.610944700407493428e+02
1.115225428463759272e+00	1.599093959678669137e+02
1.121502127614767863e+00	1.592882395173441239e+02
1.127792573824792033e+00	1.584529804218421702e+02
1.134089552668382961e+00	1.572617970102404570e+02
1.140364049650405942e+00	1.563086380000049758e+02
1.146639180320979445e+00	1.555592211945860583e+02
1.152942412991649901e+00	1.547102485194190535e+02
1.159228906751078814e+00	1.534670940958315839e+02
1.165508721887268173e+00	1.530915856240549147e+02
1.171793076256210320e+00	1.520684842120058136e+02
1.178087436369658958e+00	1.520415554439939001e+02
1.184367654251526902e+00	1.500686175142327556e+02
1.190634642299266632e+00	1.489294751781844752e+02
1.196912208834400859e+00	1.482730684123840206e+02
1.203201577354146234e+00	1.476021952702544695e+02
1.209486844441705733e+00	1.465566928620141027e+02
1.215763902074809888e+00	1.455741580089142531e+02
1.222049755171146668e+00	1.450138391029409206e+02
1.228340616621486969e+00	1.446114362034480791e+02
1.234632986576932767e+00	1.434841455302584734e+02
1.240902247176856488e+00	1.430133890574375073e+02
1.247174839144687519e+00	1.420319186487488139e+02
1.253465459933442272e+00	1.415306096595147665e+02
1.259749951892178421e+00	1.407423587610626043e+02
1.266032143127253873e+00	1.394964831677190489e+02
1.272316288472006507e+00	1.388373853985425512e+02
1.278604155058621350e+00	1.380521241161081321e+02
1.284886588933593865e+00	1.375453152303064428e+02
1.291175420066583257e+00	1.362871096121040466e+02
1.297465726373772332e+00	1.362693431133728268e+02
1.303741827011944299e+00	1.351643974977448579e+02
1.310017322922761851e+00	1.346506512402766020e+02
1.316301447662886703e+00	1.336703743755798826e+02
1.322586760363303249e+00	1.333422171595500458e+02
1.328865492452874664e+00	1.326208451283581553e+02
1.335144804954555564e+00	1.316136521040566265e+02
1.341440516272275119e+00	1.309992971937448090e+02
1.347730868417094552e+00	1.309662010819921250e+02
1.354001589994877630e+00	1.298070257712407169e+02
1.360282609297778444e+00	1.292592054173131828e+02
1.366565686457597906e+00	1.285879179536840979e+02
1.372851498482432708e+00	1.282105691538203871e+02
1.379135372929401804e+00	1.274453496199763265e+02
1.385409567149057164e+00	1.263888858503286912e+02
1.391698641219299315e+00	1.261122335726693535e+02
1.397984451439470810e+00	1.253127482285873384e+02
1.404267883409181961e+00	1.245208435710025014e+02
1.410554779484869181e+00	1.238764833116615591e+02
1.416837833547465397e+00	1.236015513143134257e+02
1.423118177187137068e+00	1.226582750078931667e+02
1.429397801164240089e+00	1.222046450735461320e+02
1.435686921822787232e+00	1.217931213453379797e+02
1.441977121769299597e+00	1.210665432259463472e+02
1.448253667853332427e+00	1.209520401476232507e+02
1.454532348972172651e+00	1.198801876738236558e+02
1.460819319151879903e+00	1.193221318227008538e+02
1.467110364402026468e+00	1.189378767589676329e+02
1.473392908948962132e+00	1.181690391828753519e+02
1.479669965243598950e+00	1.177556883828325027e+02
1.485956144602843532e+00	1.170940989304207847e+02
1.492233610763115115e+00	1.160772288377564365e+02
1.498502470379980078e+00	1.161142224185439318e+02
1.504785752051182701e+00	1.152132193902548067e+02
1.511075991894575976e+00	1.145155956053741590e+02
1.517361634985162189e+00	1.139066049604477229e+02
1.523648570969130533e+00	1.134438186366956387e+02
1.529938035715892264e+00	1.127347582481179415e+02
1.536230176913891965e+00	1.127903140298184752e+02
1.542510718779388279e+00	1.121698293406806499e+02
1.548783963082980275e+00	1.115799789535396513e+02
1.555073069779651318e+00	1.110421012577000823e+02
1.561357324927233892e+00	1.104000415649436064e+02
1.567629121053141006e+00	1.100334101450174558e+02
1.573913697404382583e+00	1.093680060137631926e+02
1.580203545230874029e+00	1.088516047368625692e+02
1.586485393434537983e+00	1.083488434801470959e+02
1.592760014263005841e+00	1.077978829417776296e+02
1.599046436394670812e+00	1.074728822561170176e+02
1.605342136637478934e+00	1.068431634221240500e+02
1.611619860919608627e+00	1.063124585198255119e+02
1.617897597081673799e+00	1.057205495134551825e+02
1.624183235481122756e+00	1.053216313652853842e+02
1.630464598531913722e+00	1.047685906613253763e+02
1.636748985747638274e+00	1.045697619418632058e+02
1.643030923698886259e+00	1.037825138733433761e+02
1.649309176648513064e+00	1.037921727051052301e+02
1.655593633940351861e+00	1.028521627461243497e+02
1.661879571405086464e+00	1.025632564930388213e+02
1.668169361685170271e+00	1.018649195422253513e+02
1.674450151530487485e+00	1.016623917892420224e+02
1.680722718978495900e+00	1.012673401529722099e+02
1.687013891340952476e+00	1.005579981068875668e+02
1.693308984907921033e+00	1.002103623066972489e+02
1.699582147428448486e+00	9.942324743520239849e+01
1.705863747055134105e+00	9.924657875260611206e+01
1.712154434283889470e+00	9.884639874502305190e+01
1.718438381579399321e+00	9.827803143769619965e+01
1.724721264464063930e+00	9.796811146164132822e+01
1.730997441276920679e+00	9.759836434219351986e+01
1.737287073528269499e+00	9.726208768838556296e+01
1.743567991878527401e+00	9.655791075838280335e+01
1.749840680212231048e+00	9.608129957137771271e+01
1.756128549091961144e+00	9.571192450186302381e+01
1.762413535324792502e+00	9.531599307117375020e+01
1.768696187669963837e+00	9.493217249460514040e+01
1.774979359379055266e+00	9.459263314250016208e+01
1.781265555576432957e+00	9.420191066628648002e+01
1.787549427830244619e+00	9.365433838463228255e+01
1.793834120011633004e+00	9.312234068771905982e+01
1.800115051552487300e+00	9.282097321826414316e+01
1.806393904854530330e+00	9.234544637279189772e+01
1.812674089667083432e+00	9.236604306478130866e+01
1.818956920109354058e+00	9.180867719000096372e+01
1.825244164118212220e+00	9.103041555156009679e+01
1.831527256642196955e+00	9.091161107715542755e+01
1.837811294935716599e+00	9.044003330282319553e+01
1.844100717411196744e+00	9.010112194421478193e+01
1.850384816792487230e+00	8.958744776324999748e+01
1.856666059735203822e+00	8.915593783593088517e+01
1.862947728675613979e+00	8.887318042727112299e+01
1.869229324466858078e+00	8.840872972801335550e+01
1.875517616802973686e+00	8.816599913554470902e+01
1.881800769033795229e+00	8.772617693847928422e+01
1.888078863416442710e+00	8.749483458226822563e+01
1.894353975182237582e+00	8.700038611049856740e+01
1.900642716154182565e+00	8.676024165552124146e+01
1.906933494748685121e+00	8.605516068620153192e+01
1.913207568676573933e+00	8.588303349537355302e+01
1.919490884732178992e+00	8.553106985283938002e+01
1.925776855684274480e+00	8.545564153191526202e+01
1.932064452961978152e+00	8.491597446974220986e+01
1.938342610030488800e+00	8.446508653597990701e+01
1.944618341543410178e+00	8.421273531209082819e+01
1.950906260203513876e+00	8.378364520821740768e+01
1.957194556613796488e+00	8.345285988795080812e+01
1.963479614559011432e+00	8.304584234179996827e+01
1.969760361532916226e+00	8.293112422470626655e+01
1.976048367034604736e+00	8.242843211931688074e+01
1.982337990217652335e+00	8.208862905645631258e+01
1.988617489259562721e+00	8.187690537759142728e+01
1.994896320665194178e+00	8.122825261714915257e+01
2.001179596222827151e+00	8.107192791103490492e+01
2.007459756923499761e+00	8.080168961552452345e+01
2.013737397779169935e+00	8.048562056613955917e+01
2.020017234677497164e+00	7.984451226179884031e+01
2.026310251015072783e+00	7.968961128968297203e+01
2.032600542948020284e+00	7.942796705588685313e+01
2.038873863192099289e+00	7.913788457566793966e+01
2.045154087821675404e+00	7.869098548105638713e+01
2.051444704514288730e+00	7.842515417774491482e+01
2.057730430280644729e+00	7.815474214437091405e+01
2.064013940455224461e+00	7.783780956927220984e+01
2.070299891179459895e+00	7.769232114178096538e+01
2.076589719964883951e+00	7.726661483335708169e+01
2.082865483794470673e+00	7.687877901811577885e+01
2.089134494859368640e+00	7.666511636940632002e+01
2.095424211360070288e+00	7.621169908316207398e+01
2.101707116664804254e+00	7.603898232489338227e+01
2.107986473933564309e+00	7.577738276588864608e+01
2.114271806543862375e+00	7.555164000600066743e+01
2.120552717288892275e+00	7.519575692551713075e+01
2.126836933207161717e+00	7.469589701270690796e+01
2.133122044791171845e+00	7.452485533398085238e+01
2.139411711910842673e+00	7.427127143698685074e+01
2.145697076775292089e+00	7.397055582403876883e+01
2.151973548606471276e+00	7.369253284721376929e+01
2.158259913555724108e+00	7.324617980075403523e+01
2.164545396699105506e+00	7.307446275047090012e+01
2.170830700377734068e+00	7.273758561752420349e+01
2.177114138849150393e+00	7.261823076807809230e+01
2.183387647576827018e+00	7.229380076134167155e+01
2.189670273687676971e+00	7.194466417681384485e+01
2.195960147934207463e+00	7.170876917722411292e+01
2.202242556317716371e+00	7.129648415546550666e+01
2.208521655981037668e+00	7.118138203626307359e+01
2.214804637081333016e+00	7.090170450050725037e+01
2.221092583349425276e+00	7.043734485943322454e+01
2.227372893591468728e+00	7.051206325267570207e+01
2.233657161144248171e+00	7.006884207673448373e+01
2.239943485394438660e+00	6.989091148600338954e+01
2.246224175264620815e+00	6.949602908716386196e+01
2.252506378421252009e+00	6.923527176755521850e+01
2.258783417054270437e+00	6.903471037050373127e+01
2.265069077371457684e+00	6.890301565339368040e+01
2.271350377044131452e+00	6.847915837995928712e+01
2.277633995145353918e+00	6.827176556441342825e+01
2.283922419579920149e+00	6.819776027991009926e+01
2.290202874392252674e+00	6.791552929522929105e+01
2.296490779970905560e+00	6.764413772836292083e+01
2.302771769934229162e+00	6.739777203777717318e+01
2.309051364164305564e+00	6.711846989617643544e+01
2.315338502539088239e+00	6.682630593150658171e+01
2.321627336503874428e+00	6.663108866143473108e+01
2.327911878297218795e+00	6.627655957764545747e+01
2.334186238580297168e+00	6.607857816101414983e+01
2.340467971862688401e+00	6.588717639769360801e+01
2.346756940970738725e+00	6.570852463008974098e+01
2.353044444556199988e+00	6.527012336407695159e+01
2.359327653314069906e+00	6.524815264582599639e+01
2.365603048789861607e+00	6.504700522430580634e+01
2.371885911737665165e+00	6.471722305657813479e+01
2.378173303594019572e+00	6.451595670037137609e+01
2.384454016539381271e+00	6.428794556739410382e+01
2.390736447344785187e+00	6.414876147357730929e+01
2.397014133897952259e+00	6.378381669581475677e+01
2.403295490074321972e+00	6.370844296262289674e+01
2.409585049672506862e+00	6.344601252460191887e+01
2.415871703165322071e+00	6.334255971745780300e+01
2.422160652369088840e+00	6.293680190452884915e+01
2.428440167222748691e+00	6.276607349128336466e+01
2.434717472383889803e+00	6.256454849546383201e+01
2.441002456202044257e+00	6.235569630069481661e+01
2.447289980304530488e+00	6.217465093826069733e+01
2.453571844729242279e+00	6.188549750624380152e+01
2.459852705114058846e+00	6.181202668661821775e+01
2.466139233225018934e+00	6.152636025188230917e+01
2.472421963421291391e+00	6.119475682638506697e+01
2.478698519174224568e+00	6.118822839533106617e+01
2.484980841400355800e+00	6.096256540294438508e+01
2.491269319409339822e+00	6.070850920324996025e+01
2.497548505139029373e+00	6.054870873480300730e+01
2.503831667172610853e+00	6.024137751216582615e+01
2.510117938323931153e+00	6.016021494969857741e+01
2.516400733681277480e+00	6.001235483180822428e+01
2.522688226833368130e+00	5.978033618698192697e+01
2.528971695852665569e+00	5.966062249838044806e+01
2.535252039407670299e+00	5.946146254946653187e+01
2.541537514142774512e+00	5.931602753833556108e+01
2.547823008847572179e+00	5.906489164940190051e+01
2.554100666580690238e+00	5.889031232548479267e+01
2.560376788884177301e+00	5.867426461257065284e+01
2.566667521601497359e+00	5.861499689924671230e+01
2.572955062237090473e+00	5.827371877776376152e+01
2.579233771797999175e+00	5.810244036885182339e+01
2.585520164300948220e+00	5.800084313370532385e+01
2.591805130332431872e+00	5.778638102210827299e+01
2.598084074692260881e+00	5.769693986956087883e+01
2.604360404197643586e+00	5.741924390067828199e+01
2.610647185140439142e+00	5.735715462721759650e+01
2.616931864059273138e+00	5.710219975400940484e+01
2.623206107911065565e+00	5.703370588525088891e+01
2.629491626543270844e+00	5.688090443307016386e+01
2.635778507982642349e+00	5.657647773440299233e+01
2.642061039325260818e+00	5.656074746552685895e+01
2.648343840729305843e+00	5.641438210332960779e+01
2.654631838974855551e+00	5.625583992433485747e+01
2.660919001246303761e+00	5.602356624973039345e+01
2.667198525130066056e+00	5.593639174069438269e+01
2.673484307038032526e+00	5.577490298310714678e+01
2.679773388053849459e+00	5.564030596131388506e+01
2.686058217632288692e+00	5.548683152870605539e+01
2.692338738200057868e+00	5.526889428533101523e+01
2.698618022887226964e+00	5.518226495247417773e+01
2.704895450708277860e+00	5.506455319329236175e+01
2.711175674923682166e+00	5.493392597539294542e+01
2.717459832966957922e+00	5.482589389877335861e+01
2.723745731959044569e+00	5.467382408304654717e+01
2.730038414850594730e+00	5.455457225632967067e+01
2.736317989800789441e+00	5.436327539319614743e+01
2.742591858549239703e+00	5.416519351914685387e+01
2.748879749010778362e+00	5.415411208955860189e+01
2.755163403825859447e+00	5.393457545720516322e+01
2.761446955625852073e+00	5.393690089124967812e+01
2.767732088935374701e+00	5.378053687016582529e+01
2.774015452421743966e+00	5.358171126326067935e+01
2.780298635700591436e+00	5.350300698449709813e+01
2.786577474762241380e+00	5.339570140344503102e+01
2.792857983210164541e+00	5.330061179849062114e+01
2.799143790920211483e+00	5.300541346318178171e+01
2.805430058399325244e+00	5.307363760480885162e+01
2.811715058209780072e+00	5.289010936933095763e+01
2.817989272498773623e+00	5.281482573054402962e+01
2.824269171595737760e+00	5.267408495226136012e+01
2.830563016441804081e+00	5.263844993388923399e+01
2.836848750951622034e+00	5.244422870461855979e+01
2.843130027866129783e+00	5.243241205657470516e+01
2.849413896912404986e+00	5.228286818369920752e+01
2.855697464522425566e+00	5.215065935011475062e+01
2.861978799810683594e+00	5.210327933773748299e+01
2.868262469415629567e+00	5.199920435254736617e+01
2.874547359206753860e+00	5.193752833936407143e+01
2.880831111471525041e+00	5.178333126509375717e+01
2.887113216972382546e+00	5.166393602678900265e+01
2.893394504725182781e+00	5.171925876289962076e+01
2.899673662137033592e+00	5.165420329225716500e+01
2.905953958587380814e+00	5.150776485118411330e+01
2.912241118105161064e+00	5.143018431860534179e+01
2.918525996366671205e+00	5.136118424376023484e+01
2.924809035425688819e+00	5.130452247359570350e+01
2.931095916293684933e+00	5.113199004466633824e+01
2.937378182606774413e+00	5.112358056940471585e+01
2.943659980254369923e+00	5.104955533322148398e+01
2.949946454403890250e+00	5.094918479134808820e+01
2.956227653702202307e+00	5.093763814927940814e+01
2.962510478867462993e+00	5.082821105948188745e+01
2.968796535179442309e+00	5.087912398997841024e+01
2.975077657376874907e+00	5.073003522936203069e+01
2.981359866759223376e+00	5.065821633751326658e+01
2.987646761575656562e+00	5.065509928464621936e+01
2.993929038370399365e+00	5.057100343988349778e+01
3.000206214840962726e+00	5.055440089397470160e+01
3.006486172402415669e+00	5.051302635862980850e+01
3.012769812211594456e+00	5.049976513916564613e+01
3.019053144326170113e+00	5.043223726454762357e+01
3.025337405144251424e+00	5.034592952689092726e+01
3.031623734799107961e+00	5.032975109746489295e+01
3.037908962055872575e+00	5.037308385813530975e+01
3.044195067146031608e+00	5.031602140596966422e+01
3.050475543482170426e+00	5.024120166568122414e+01
3.056754954538277502e+00	5.019317143220953881e+01
3.063040539557494668e+00	5.017543711441999932e+01
3.069323699454357346e+00	5.021739912481723422e+01
3.075610692642898769e+00	5.021049754863675219e+01
3.081893798009918584e+00	5.012246494554547382e+01
3.088174549548037717e+00	5.008364068758800158e+01
3.094458635632868493e+00	5.013254846071810533e+01
3.100743982931558840e+00	5.001649065515197634e+01
3.107028111748448396e+00	5.007871543018992355e+01
3.113309299655494300e+00	5.017199204486585984e+01
3.119590662867241626e+00	5.013906713366836243e+01
3.125874006820172912e+00	5.016993763890597080e+01
3.132159251154602586e+00	5.010390293126818051e+01
3.138439172765940643e+00	5.013803102299408465e+01
3.144723867719826593e+00	5.018758038357996298e+01
3.151003951258561031e+00	5.018608353756603435e+01
3.157283664131563139e+00	5.024014325608304432e+01
3.163569317183839935e+00	5.017705912168282367e+01
3.169851661717792091e+00	5.027370802501602753e+01
3.176137704316093657e+00	5.023410303614747363e+01
3.182420924828643916e+00	5.037079910614939848e+01
3.188702811875577581e+00	5.030850847944887505e+01
3.194990520008989865e+00	5.047117808078548507e+01
3.201275324656983834e+00	5.042009185398659810e+01
3.207551352179861759e+00	5.051642891173053584e+01
3.213835216737041645e+00	5.058705921744152079e+01
3.220122579819103770e+00	5.050221026550812553e+01
3.226406606618656525e+00	5.040882132010343497e+01
3.232687390085645429e+00	5.023709694173886220e+01
3.238969121280456331e+00	5.016904942026630465e+01
3.245254751548589667e+00	5.007581916340104300e+01
3.251534499036136783e+00	4.997703877505280445e+01
3.257817780791052442e+00	4.977262456577668814e+01
3.264102164154097263e+00	4.967489271677266771e+01
3.270384152138468892e+00	4.964417084145834025e+01
3.276669427476867735e+00	4.945483489406495181e+01
3.282954688864507808e+00	4.934418405405298103e+01
3.289237200334947264e+00	4.924124519855444504e+01
3.295519587088236779e+00	4.917376295373926354e+01
3.301805977329951958e+00	4.902711488929039518e+01
3.308087486222440088e+00	4.884449531050860571e+01
3.314367630234227313e+00	4.887456199734275941e+01
3.320651909732194262e+00	4.872364132838939099e+01
3.326931260376857047e+00	4.865729974821307025e+01
3.333216512447217728e+00	4.841514163215975231e+01
3.339504489419978128e+00	4.837697288736755752e+01
3.345786804809928405e+00	4.827883918571568245e+01
3.352071130016277767e+00	4.815471974101098596e+01
3.358351496304225581e+00	4.808613857874598096e+01
3.364630591073392019e+00	4.804128382536896424e+01
3.370916305215045483e+00	4.788190332284727191e+01
3.377197952029413752e+00	4.782250778485778397e+01
3.383483063818085501e+00	4.771111435751550545e+01
3.389769992424469969e+00	4.762011250476628277e+01
3.396051330885982100e+00	4.748437472498318357e+01
3.402330879139463971e+00	4.742901575956680915e+01
3.408610488352048495e+00	4.731524224772898179e+01
3.414897837696641236e+00	4.720189596115660891e+01
3.421180484052105619e+00	4.719683623321542854e+01
3.427461639653846870e+00	4.696685132475659685e+01
3.433749159643459059e+00	4.695465921556964872e+01
3.440032646656798310e+00	4.692671364190175609e+01
3.446313366033385339e+00	4.668203200346611936e+01
3.452600135384134905e+00	4.664928233138886071e+01
3.458883152815406703e+00	4.668448798831038715e+01
3.465163834403715448e+00	4.652142053676604405e+01
3.471449329786229221e+00	4.650730119041111976e+01
3.477734476754053894e+00	4.635728764414159997e+01
3.484019652467224226e+00	4.626082727255682414e+01
3.490297019369712928e+00	4.624209869475595269e+01
3.496582486484379970e+00	4.613337540081607102e+01
3.502868048046865024e+00	4.605489570648371966e+01
3.509144649545451244e+00	4.596297091236544929e+01
3.515428082003116295e+00	4.591048899184600174e+01
3.521711031624695565e+00	4.580410008746638084e+01
3.527991850954735664e+00	4.574010923531649553e+01
3.534275545726699885e+00	4.559776221421562781e+01
3.540562632020772149e+00	4.560753322835341805e+01
3.546844410757220789e+00	4.555480101692400297e+01
3.553131386753758836e+00	4.550197549051500090e+01
3.559419203211965144e+00	4.541884131191060447e+01
3.565697971577579839e+00	4.527777303411131982e+01
3.571979559134798254e+00	4.526793205898570704e+01
3.578265774595833726e+00	4.520872331090492935e+01
3.584548309769353125e+00	4.509946026469275182e+01
3.590826843920031486e+00	4.509421005477555866e+01
3.597107306745233934e+00	4.493110219989750220e+01
3.603392831792229245e+00	4.494922828835384365e+01
3.609673209822572559e+00	4.486839615261256142e+01
3.615955412133016189e+00	4.480921995731807783e+01
3.622241607772384686e+00	4.480088974654947265e+01
3.628520252736676444e+00	4.471631508065362226e+01
3.634804827569451113e+00	4.465065130272642335e+01
3.641094981788862928e+00	4.459780537339746331e+01
3.647383514928639325e+00	4.456300874832900405e+01
3.653663283927725658e+00	4.448305800271484856e+01
3.659943504072155296e+00	4.444557236407658252e+01
3.666232000281138603e+00	4.437853685623866795e+01
3.672514211678317597e+00	4.432999130983510128e+01
3.678794154686042539e+00	4.423416185360652975e+01
3.685078621861909820e+00	4.420830177673455097e+01
3.691359210097977961e+00	4.415048837694351391e+01
3.697642368173791105e+00	4.405785163558140738e+01
3.703925796735277665e+00	4.407433501056006975e+01
3.710208240364660348e+00	4.407897560121494962e+01
3.716494593122387169e+00	4.393930796833729602e+01
3.722775386659595398e+00	4.393332688610676229e+01
3.729058392883481510e+00	4.400448806831080617e+01
3.735339748210807720e+00	4.386392941344322338e+01
3.741620776392969638e+00	4.378830851817488679e+01
3.747904795418762980e+00	4.385607176587235756e+01
3.754190633281219380e+00	4.376871570083355323e+01
3.760478208018912749e+00	4.379254345983392938e+01
3.766755538573464346e+00	4.366021495520509177e+01
3.773032090135151506e+00	4.359904372372203341e+01
3.779322553012896879e+00	4.363972268332602766e+01
3.785609109731308930e+00	4.361771628378163967e+01
3.791889825936295200e+00	4.355731730822679992e+01
3.798174822702435893e+00	4.352953247813033499e+01
3.804458658753491651e+00	4.355012540529752840e+01
3.810738438095723435e+00	4.352999379047712836e+01
3.817018850285747167e+00	4.351196378545393628e+01
3.823305314209427763e+00	4.343968137570087151e+01
3.829591295197792178e+00	4.348066921440902632e+01
3.835872296070849341e+00	4.347169714936553220e+01
3.842156279590906109e+00	4.344452602312220790e+01
3.848441511099312429e+00	4.343882589233069069e+01
3.854723334376886079e+00	4.338836792501135875e+01
3.861004740704794713e+00	4.344115059243436150e+01
3.867284336650660848e+00	4.333817282952233541e+01
3.873567367678779849e+00	4.334555772263325935e+01
3.879850662830422792e+00	4.333205027928296005e+01
3.886137063198143338e+00	4.333384364308708570e+01
3.892419463049126005e+00	4.334787778076324827e+01
3.898703740328622658e+00	4.328707310398838359e+01
3.904991458788179326e+00	4.330910107593992819e+01
3.911270842222104083e+00	4.328267835207410030e+01
3.917549806479573071e+00	4.331265074232383228e+01
3.923836006203090587e+00	4.326342463934552995e+01
3.930121452497870926e+00	4.326778051997368379e+01
3.936398172858230460e+00	4.325488874918546855e+01
3.942683040425962293e+00	4.328185107446488900e+01
3.948974759704379611e+00	4.330592254341296155e+01
3.955259227995065352e+00	4.321759838316816627e+01
3.961537174921395454e+00	4.331143694536390143e+01
3.967820217617139544e+00	4.330774388746907988e+01
3.974105559832568968e+00	4.341661278116296074e+01
3.980384727931198352e+00	4.334015311598279396e+01
3.986664590839849698e+00	4.336241394735219501e+01
3.992949619150675034e+00	4.339776798015174819e+01
3.999235075769965952e+00	4.341500356411527406e+01
4.005515715515433506e+00	4.336713277285252843e+01
4.011798434346478537e+00	4.346425272513927496e+01
4.018083716245132386e+00	4.343202550273601759e+01
4.024365700052603856e+00	4.341243029997425396e+01
4.030643960839860540e+00	4.358739720817711571e+01
4.036928708926215137e+00	4.352504385296232670e+01
4.043218157412017177e+00	4.352286168320599558e+01
4.049503019487663558e+00	4.358763251931409144e+01
4.055781898960511000e+00	4.362132475616623140e+01
4.062060795621602161e+00	4.357755806048325553e+01
4.068347865354716042e+00	4.367761038235480697e+01
4.074631027173265529e+00	4.377539494632476647e+01
4.080910837526078971e+00	4.374512446762363282e+01
4.087201203341442657e+00	4.384205840413409305e+01
4.093486818591942189e+00	4.377897237021831245e+01
4.099764387336505500e+00	4.382993251087979303e+01
4.106049166937662420e+00	4.390701002508718176e+01
4.112334559041358695e+00	4.395962112886811468e+01
4.118618926059533614e+00	4.410174433867562271e+01
4.124898942031112625e+00	4.405794977725416572e+01
4.131175432561665417e+00	4.407480843861254272e+01
4.137461563786142271e+00	4.408737535374976346e+01
4.143746006210170307e+00	4.424472996875218911e+01
4.150029800482964326e+00	4.431581114971809399e+01
4.156313390684649001e+00	4.431016793741600424e+01
4.162596105843763716e+00	4.437855281161908039e+01
4.168881843141768684e+00	4.446796127628265793e+01
4.175162111073220217e+00	4.449888561528137387e+01
4.181448573417560155e+00	4.455348006083435308e+01
4.187738782464171194e+00	4.456926896512377567e+01
4.194017437180169061e+00	4.474363549745876867e+01
4.200293572701767175e+00	4.473669584527267773e+01
4.206580195481546269e+00	4.475282685348837219e+01
4.212860644652220543e+00	4.488094425398556098e+01
4.219138153430114002e+00	4.495567297951134833e+01
4.225426162098283811e+00	4.504219670081450744e+01
4.231713506719782636e+00	4.512512308644394921e+01
4.237990056577191744e+00	4.513067728011867530e+01
4.244267783646744618e+00	4.525328260291617255e+01
4.250560660182562955e+00	4.536993377306828279e+01
4.256847734842668096e+00	4.537744073310068416e+01
4.263127100734456221e+00	4.540171034106825942e+01
4.269406860432507500e+00	4.549286355503847545e+01
4.275691671482192646e+00	4.558191172858425233e+01
4.281972414189518794e+00	4.575850771588446975e+01
4.288253516806755705e+00	4.583955898446532018e+01
4.294540520160492925e+00	4.595453622051341824e+01
4.300825742921731809e+00	4.585524225689733413e+01
4.307109835491901961e+00	4.604139257519706518e+01
4.313390926478413157e+00	4.620169521377633259e+01
4.319667979480563247e+00	4.606889466193183580e+01
4.325952598143786076e+00	4.630669322933415089e+01
4.332241647035422361e+00	4.637565816187838408e+01
4.338524445619096781e+00	4.647893471549735267e+01
4.344809348131129845e+00	4.661421661392071769e+01
4.351090699193166600e+00	4.667964436246779059e+01
4.357369710808320029e+00	4.691780951583103842e+01
4.363659348967174445e+00	4.690508710245583757e+01
4.369947418280990981e+00	4.687500178213563373e+01
4.376226569265827315e+00	4.705434408837489713e+01
4.382499356631129217e+00	4.707704144381111178e+01
4.388784975178015024e+00	4.727829698803739689e+01
4.395068696309480494e+00	4.731354788239845988e+01
4.401347962382031298e+00	4.747747587469448405e+01
4.407628405096517099e+00	4.743708366585546088e+01
4.413915862185140426e+00	4.747270666430175368e+01
4.420203163534264235e+00	4.764372486179289012e+01
4.426480311003382795e+00	4.774287476477823589e+01
4.432765973643649104e+00	4.784511659674014084e+01
4.439053392023870614e+00	4.787255745808833751e+01
4.445336141335588742e+00	4.779053011703752674e+01
4.451617241414883352e+00	4.797424683549964897e+01
4.457901500730311106e+00	4.795482184935303138e+01
4.464189501093017043e+00	4.807783710139523237e+01
4.470470197548729985e+00	4.793139545031283433e+01
4.476748044268524573e+00	4.809611256271978164e+01
4.483035990164653484e+00	4.818910138951203947e+01
4.489323331650528104e+00	4.824706108012269823e+01
4.495599111667934800e+00	4.826996935081974982e+01
4.501870922878794090e+00	4.805178058109549255e+01
4.508155162877705457e+00	4.819129996930714555e+01
4.514446451153479423e+00	4.793311966764782284e+01
4.520723894043856994e+00	4.809878639083888174e+01
4.527003782460155890e+00	4.794593853070265510e+01
4.533293086610313161e+00	4.788391942693228032e+01
4.539578989864040182e+00	4.788647366051943521e+01
4.545857164866476730e+00	4.762366193921823054e+01
4.552138955546025656e+00	4.746413748896406304e+01
4.558432046889146605e+00	4.746072332393848825e+01
4.564713463378488711e+00	4.726577726971824234e+01
4.570987274133244682e+00	4.732345348421085873e+01
4.577274818151045643e+00	4.726724268603702939e+01
4.583563263889338657e+00	4.717594378276451295e+01
4.589844917004465508e+00	4.731495793094067182e+01
4.596126259982004747e+00	4.720565717018924801e+01
4.602409075598298926e+00	4.723644583755743298e+01
4.608696634867644804e+00	4.735641809586421402e+01
4.614977646498861219e+00	4.721667538460921065e+01
4.621258953029527383e+00	4.723503848513593795e+01
4.627547993978874175e+00	4.734665657172934061e+01
4.633830152730579854e+00	4.714770330285057298e+01
4.640104005367354567e+00	4.717520887941969931e+01
4.646382060386754276e+00	4.714119414487365134e+01
4.652674213731970987e+00	4.733783747055284863e+01
4.658958291796220230e+00	4.737219838462350197e+01
4.665233615070169648e+00	4.747678210309558722e+01
4.671520675710307380e+00	4.727892894429628257e+01
4.677814351732177300e+00	4.750157891354032813e+01
4.684093699744638073e+00	4.747015936593259511e+01
4.690368661472568590e+00	4.751699881186073782e+01
4.696663270746453733e+00	4.761426177464856124e+01
4.702945459248681459e+00	4.765943823804804680e+01
4.709209170841929470e+00	4.747248588361166100e+01
4.715491634753063543e+00	4.771094564475197330e+01
4.721784316284933780e+00	4.785326891688261242e+01
4.728063062331094635e+00	4.807385284370950274e+01
4.734337423381671073e+00	4.796719381020913175e+01
4.740627024094544062e+00	4.795006686920594774e+01
4.746914995664547554e+00	4.808697424134607701e+01
4.753194740071086777e+00	4.808567126831147220e+01
4.759478891864783456e+00	4.821843217730633313e+01
4.765762396877359031e+00	4.824661330530548753e+01
4.772049481246195768e+00	4.859506976838645897e+01
4.778335091022592351e+00	4.867326068877774503e+01
4.784610831402393849e+00	4.863530418999494032e+01
4.790907306208476157e+00	4.879389800890328388e+01
4.797204047706418173e+00	4.863353956363333452e+01
4.803470827697504220e+00	4.881289023814770900e+01
4.809748850577324042e+00	4.895642890098156386e+01
4.816045316586602176e+00	4.885066700177955568e+01
4.822329240673497885e+00	4.916844891525130379e+01
4.828596758226470165e+00	4.919109829630058783e+01
4.834890332961369275e+00	4.950835275679401093e+01
4.841191655056394261e+00	4.944696132860217119e+01
4.847460407468000554e+00	4.960986016650925734e+01
4.853732128521334843e+00	4.986875325028749728e+01
4.860029138783373170e+00	4.969695452637300548e+01
4.866314601732018019e+00	5.004300168280820316e+01
4.872587026269203925e+00	5.019916408937238117e+01
4.878874221748241702e+00	5.033680927434723174e+01
4.885171078138658807e+00	5.037758925476524041e+01
4.891450629931857641e+00	5.068693332975869481e+01
4.897716482750221978e+00	5.089900821189753799e+01
4.904002834596266069e+00	5.065303643709837189e+01
4.910295858205786068e+00	5.093774428504937646e+01
4.916575188115905881e+00	5.142315055794471590e+01
4.922847946197084212e+00	5.148442638106223512e+01
4.929131667457151700e+00	5.152680473565735042e+01
4.935434460144239033e+00	5.199997901568529102e+01
4.941718513303545279e+00	5.206157473900893962e+01
4.947978624761803168e+00	5.213602842122462988e+01
4.954274999209829389e+00	5.211515365350400231e+01
4.960571094729937514e+00	5.258746487349240795e+01
4.966823207626954506e+00	5.267792079313115039e+01
4.973097418390337587e+00	5.245255463737697710e+01
4.979415129936382023e+00	5.334277855054300943e+01
4.985702082330368157e+00	5.323304190821461646e+01
4.991949985828016523e+00	5.329302173015744160e+01
4.998241586316924057e+00	5.369895211315483152e+01
5.004556635606089543e+00	5.412226984417399933e+01
5.010828655701208945e+00	5.403204170386329963e+01
5.017077229702536556e+00	5.442289895375831321e+01
5.023374414758113637e+00	5.468244194288980964e+01
5.029688873569548413e+00	5.499149097158973376e+01
5.035958413584124216e+00	5.510613849575802448e+01
5.042232667658486989e+00	5.572118783168626521e+01
5.048528755870775875e+00	5.575364643604193304e+01
5.054821121427484520e+00	5.581918547543141074e+01
5.061069509814582368e+00	5.616260776449854575e+01
5.067347812754101177e+00	5.634080775478778236e+01
5.073675050630431116e+00	5.711266494560151585e+01
5.079945928388977627e+00	5.732863665324421021e+01
5.086192992546071601e+00	5.744361269096964406e+01
5.092484128970163226e+00	5.774214061685545829e+01
5.098802924706086870e+00	5.867731306542440706e+01
5.105078217426394005e+00	5.870562265648385392e+01
5.111325076574067872e+00	5.889580908307506490e+01
5.117628358851224135e+00	5.951173998774086016e+01
5.123935939383525984e+00	5.960345511719817324e+01
5.130199176325612065e+00	6.017185608846980927e+01
5.136469985878846956e+00	6.089779600761177392e+01
5.142797788696348071e+00	6.067563275912083753e+01
5.149090378043822192e+00	6.113323104657124674e+01
5.155289879840074363e+00	6.158563010697928064e+01
5.161564521234301317e+00	6.187908769912104390e+01
5.167916673496016244e+00	6.185863989233015303e+01
5.174205974602950064e+00	6.260071612639458039e+01
5.180434820793812456e+00	6.321384749420617766e+01
5.186729096569634656e+00	6.367372160315438379e+01
5.193058481037780894e+00	6.451267880822776135e+01
5.199319511444338460e+00	6.448367437485299547e+01
5.205574295584361799e+00	6.460686465887280860e+01
5.211894977074066126e+00	6.527298446921109587e+01
5.218201708336958511e+00	6.624944668256357261e+01
5.224411911780083351e+00	6.643995280926650082e+01
5.230677632666463239e+00	6.681230378444254825e+01
5.237056729559757429e+00	6.703390512191363371e+01
5.243336785035660697e+00	6.770415704305580107e+01
5.249493476178225038e+00	6.809675708557399787e+01
5.255787017738318134e+00	6.843073471916304129e+01
5.262205327426889845e+00	6.969797285955873178e+01
5.268477758348532269e+00	6.950002665462702112e+01
5.274632213654732560e+00	7.114944874481197701e+01
5.280950543314659740e+00	7.023135492452836104e+01
5.287327645024750389e+00	7.155903528204484587e+01
5.293582359180156516e+00	7.285020657644196262e+01
5.299789992649893478e+00	7.296612971911982015e+01
5.306111460381987222e+00	7.287651625730894978e+01
5.312452717892129250e+00	7.309360996696379686e+01
5.318650122853046724e+00	7.532558882497446007e+01
5.324923043129819789e+00	7.621236124155015546e+01
5.331330237158205421e+00	7.683771471904086070e+01
5.337586726886338617e+00	7.740727991967791866e+01
5.343685192440848830e+00	7.760920420384496765e+01
5.350070659715249199e+00	7.771743051730202012e+01
5.356556762554878226e+00	7.917630666600415168e+01
5.362691868684501095e+00	7.971879062965024332e+01
5.368769208912516966e+00	7.977289202796727352e+01
5.375270137997677722e+00	8.224740796253395558e+01
5.381769983045385786e+00	8.214802161792539437e+01
5.387701030372958222e+00	8.307728542925539728e+01
5.393786668001271600e+00	8.361050546242987025e+01
5.400446161099396569e+00	8.470590292020830248e+01
5.406957063684501463e+00	8.529445919770250839e+01
5.412655672453426270e+00	8.699876848690966824e+01
5.418821279260546575e+00	8.954032819923544650e+01
5.425690594366304076e+00	8.669010256882825161e+01
5.432217487502165376e+00	9.065895471875685985e+01
5.437649811577258241e+00	8.858846322267574180e+01
5.443914404015878006e+00	9.258727986761473971e+01
5.450953501686320202e+00	9.414174175262508015e+01
5.457483690405861232e+00	9.317975973624591290e+01
5.462715250135157241e+00	9.416167118904047584e+01
5.469033575551323523e+00	9.683319853164320534e+01
5.476177730420278778e+00	9.546014559524073206e+01
5.482708935702562236e+00	9.661764530202478340e+01
5.487722405008360838e+00	9.570925451056835698e+01
5.494194284996126498e+00	9.774744552525669405e+01
5.501391471009256406e+00	1.037220841585451154e+02
5.507128202673079009e+00	1.056646753523491071e+02
5.512278020050448646e+00	1.041659038890917657e+02
5.519395563377015534e+00	1.075009413853458824e+02
5.526598678609708770e+00	1.043857616819556142e+02
5.532162682462509196e+00	1.081814399743536939e+02
5.537397124017139127e+00	1.085593741780595849e+02
5.544582756485218589e+00	1.154781072264935489e+02
5.551739327507637434e+00	9.692450289488299120e+01
5.557493306674907707e+00	1.076231700122629888e+02
5.562281709102816940e+00	1.039118998645183325e+02
5.569272720323164449e+00	2.382344658537875759e+01
