8.899641224696953554e-03	3.249180654773848801e+03
1.507912216506557788e-02	3.918862717819424688e+03
2.144790186456836667e-02	5.261135548070876212e+03
2.783660776489276650e-02	3.388519957994945798e+03
3.435099785803411021e-02	3.005395374120221277e+03
4.047886761425745911e-02	2.574504334469500009e+03
4.676716683575679601e-02	2.492591583145816458e+03
5.308225101765951665e-02	2.086718842963730822e+03
5.945362440940590160e-02	1.982213757428375629e+03
6.576224814588792211e-02	1.756560386871768515e+03
7.196632906698736953e-02	1.639821432906526297e+03
7.827860915688347743e-02	1.646653794921531016e+03
8.470398945834539672e-02	1.331574433982708342e+03
9.096854620527369817e-02	1.198019908574372721e+03
9.720789776830213169e-02	1.061249049721623351e+03
1.034763038959366499e-01	9.797472849678702005e+02
1.097576444254559219e-01	8.491990376344783726e+02
1.160543084780093354e-01	8.313901158980088439e+02
1.223669666537485351e-01	7.503817146009475891e+02
1.286817263090294094e-01	7.510238242152278190e+02
1.349500801664080818e-01	6.828529681053852300e+02
1.411949558842147678e-01	6.572037108745528258e+02
1.475133575747468451e-01	6.101334363241243182e+02
1.537865074252268427e-01	5.459672508786470644e+02
1.600657544051110326e-01	5.127968365517753000e+02
1.663991168687080635e-01	4.622018044015453029e+02
1.727195645776442856e-01	4.488588415704911085e+02
1.789765213377084718e-01	4.206025390341191041e+02
1.852353690647852158e-01	4.167948696856602737e+02
1.914806787341157279e-01	3.947436977316366438e+02
1.977889868651535599e-01	3.805003417246181812e+02
2.040937735447724277e-01	3.604446611977515431e+02
2.103939302609846018e-01	3.362174168666707601e+02
2.166909709822301688e-01	3.214417878561940256e+02
2.229700281216152047e-01	3.030502868258627132e+02
2.292620027086341994e-01	2.797123720748627989e+02
2.355141508366812297e-01	2.741512458683149589e+02
2.417910583817859116e-01	2.612659638079896922e+02
2.480856539439619257e-01	2.524719025290940522e+02
2.543492256872954549e-01	2.402175048223556075e+02
2.606334251884805386e-01	2.317128926467883900e+02
2.669257370896960802e-01	2.235895556150766481e+02
2.732423343141155980e-01	2.171105434258753064e+02
2.795529680084415936e-01	2.038706903950508718e+02
2.858366292314493129e-01	1.990902843873637948e+02
2.920876271394311496e-01	1.934959044340363903e+02
2.983449844439822751e-01	1.859589365476932414e+02
3.046382639407197446e-01	1.762828610253832267e+02
3.109279127003197196e-01	1.731368525754242569e+02
3.172168171618398036e-01	1.649302846549063588e+02
3.235187567944423082e-01	1.601023563758887178e+02
3.298168217550395687e-01	1.560886390794384226e+02
3.361176429457156667e-01	1.512412021819542645e+02
3.423700375709273769e-01	1.467606125064152707e+02
3.486478192666269682e-01	1.402075941210944166e+02
3.549411614411318028e-01	1.364443487288741892e+02
3.611916935421040642e-01	1.330391895038912082e+02
3.674767089563572564e-01	1.288761781767736920e+02
3.737647795277591056e-01	1.255298472825544849e+02
3.800654031475132477e-01	1.217895767544341652e+02
3.863539861259823738e-01	1.200964933913416672e+02
3.926140181364449755e-01	1.160012292788226631e+02
3.989264500321934581e-01	1.118251590890223923e+02
4.052073244576828714e-01	1.108886486987698419e+02
4.114916477570477182e-01	1.068312455367488099e+02
4.177814272116491257e-01	1.050297536273176462e+02
4.240400648725131116e-01	1.012527784170436149e+02
4.303425690270192283e-01	9.853834430906833575e+01
4.366358560255625965e-01	9.706017643406021023e+01
4.428996183220763605e-01	9.405650731781221907e+01
4.491634418529859563e-01	9.131743837270346376e+01
4.554414146254732731e-01	8.918649747697497787e+01
4.617634470301058558e-01	8.754249604622914660e+01
4.680644242023710433e-01	8.591152427212009002e+01
4.743485242764365895e-01	8.405174797054058899e+01
4.806356136815400082e-01	8.183101275583007350e+01
4.869019258388697646e-01	8.066540918953860739e+01
4.931697099599955947e-01	7.846194581449151428e+01
4.994506747144535908e-01	7.732875198619579749e+01
5.057159051335421429e-01	7.471126658337324500e+01
5.119923996268095356e-01	7.409953812798337935e+01
5.183126097768406826e-01	7.215745133831312330e+01
5.246089638029100000e-01	7.056804198833599173e+01
5.308757308483337267e-01	6.938404250299139164e+01
5.371573527946726934e-01	6.777797478911290341e+01
5.434579563783791256e-01	6.648774019830131010e+01
5.497430652392217842e-01	6.484252108891615762e+01
5.559937427501778773e-01	6.407573910528147110e+01
5.622854676609657654e-01	6.351292093518974724e+01
5.686011537227265711e-01	6.198803007337383519e+01
5.748804589422079614e-01	6.096995636218728976e+01
5.811550210340560296e-01	5.995353664540123617e+01
5.874394496660968468e-01	5.868823415923814935e+01
5.937176220296899176e-01	5.734214891732315067e+01
5.999971954793682505e-01	5.678987568519701767e+01
6.062679115124277596e-01	5.552778568314113272e+01
6.125469576444534381e-01	5.514804565612568155e+01
6.188477733041515272e-01	5.390540871377847765e+01
6.251310567437898813e-01	5.259813383747451354e+01
6.314027450383210560e-01	5.216261462433273266e+01
6.377003562732055375e-01	5.156074904195340025e+01
6.439857783314556494e-01	5.051355020225834380e+01
6.502685417166111925e-01	4.960462734608893953e+01
6.565586117699038216e-01	4.873281806954669548e+01
6.628369282359254377e-01	4.807333470938544195e+01
6.691185444962194362e-01	4.729681685584718309e+01
6.754070198575605755e-01	4.682718622060929192e+01
6.816835514593204692e-01	4.620601955589948773e+01
6.879592533861698112e-01	4.548574247622178746e+01
6.942344317039531587e-01	4.471005555700054401e+01
7.005175402434737908e-01	4.392639948680473339e+01
7.068124956608716758e-01	4.358519426990369539e+01
7.131019009674921527e-01	4.285928335737057182e+01
7.193918251171427247e-01	4.193304811605266735e+01
7.256833807598113140e-01	4.152712359737364523e+01
7.319652682709349989e-01	4.102187279012775889e+01
7.382507990484923344e-01	4.042894583312048695e+01
7.445265842115937893e-01	4.012709518880982529e+01
7.507871101942712455e-01	3.940289161696931330e+01
7.570758465316046459e-01	3.868935968459491903e+01
7.633641233600957365e-01	3.842906334700614224e+01
7.696462959862266917e-01	3.797781596560286488e+01
7.759394865175414102e-01	3.734590693008910733e+01
7.822329141989586843e-01	3.701254493886268193e+01
7.885314936520240181e-01	3.646375327952853951e+01
7.947896566979522071e-01	3.588522733811229415e+01
8.010491096592354809e-01	3.565408991522623694e+01
8.073364061727361651e-01	3.524640911436478774e+01
8.136229488373866170e-01	3.483032853612329660e+01
8.199152998961036776e-01	3.437970670193624301e+01
8.261952636392789762e-01	3.395801398488362821e+01
8.324897070080405914e-01	3.362756998664892194e+01
8.387959309210778480e-01	3.319471647059392438e+01
8.450634639703045181e-01	3.300368639065904119e+01
8.513282867562648182e-01	3.259537725965852673e+01
8.576198263902009566e-01	3.207876356385597916e+01
8.639058477062415697e-01	3.173112370977409569e+01
8.701838745487597837e-01	3.131307356894436467e+01
8.764641096075268534e-01	3.110002491548606329e+01
8.827503873399735745e-01	3.057820896511763564e+01
8.890332768393869323e-01	3.048651574270873255e+01
8.953084247113127780e-01	2.998895554962933119e+01
9.015956521667095602e-01	2.976383059237230455e+01
9.078833328094829680e-01	2.942963612670092743e+01
9.141744106319863450e-01	2.909549289037506625e+01
9.204630817717615043e-01	2.889827475255367162e+01
9.267434415264711456e-01	2.845322757591462803e+01
9.330324197354928906e-01	2.828367283917140895e+01
9.393265785573878812e-01	2.786445596141476244e+01
9.455974810398196650e-01	2.763034860778984836e+01
9.518660018545171964e-01	2.738645213383145105e+01
9.581413255531838757e-01	2.705988413944317372e+01
9.644350945109106954e-01	2.683646825837889693e+01
9.707355633568249820e-01	2.661290858423504346e+01
9.770080768450029041e-01	2.639301987454471998e+01
9.832823325363413414e-01	2.614741710277065678e+01
9.895569691966674686e-01	2.580680235722983440e+01
9.958456301921106979e-01	2.553851000917770975e+01
1.002136210743837408e+00	2.534870307908581566e+01
1.008404825335135424e+00	2.504278406309273208e+01
1.014694149836243398e+00	2.487934975029094531e+01
1.020992555437297167e+00	2.452148844250564963e+01
1.027273980437394485e+00	2.444998682437467608e+01
1.033559181896017254e+00	2.423592646071692158e+01
1.039847557392594934e+00	2.399070901823625235e+01
1.046126974943305088e+00	2.378441661748888691e+01
1.052403436811028659e+00	2.354740922694496419e+01
1.058680704651608684e+00	2.333186263701318097e+01
1.064964333065789193e+00	2.324867879003265614e+01
1.071256777440835473e+00	2.302435423572454809e+01
1.077544048801078125e+00	2.288070531695109366e+01
1.083824820188043603e+00	2.260139917915644858e+01
1.090108023942816695e+00	2.244034851269522335e+01
1.096389665956643222e+00	2.214964076781663849e+01
1.102681132058841440e+00	2.190763719487402028e+01
1.108963047594879958e+00	2.178678148986503516e+01
1.115225428463759272e+00	2.171273859156913488e+01
1.121502127614767863e+00	2.143145711394688746e+01
1.127792573824792033e+00	2.121886674005704521e+01
1.134089552668382961e+00	2.117371152326053263e+01
1.140364049650405942e+00	2.104861264658744702e+01
1.146639180320979445e+00	2.073189316503957613e+01
1.152942412991649901e+00	2.062486765574569247e+01
1.159228906751078814e+00	2.047998644456230011e+01
1.165508721887268173e+00	2.031320007912494674e+01
1.171793076256210320e+00	2.016686844505634824e+01
1.178087436369658958e+00	1.997310924064262849e+01
1.184367654251526902e+00	1.986525097092571102e+01
1.190634642299266632e+00	1.976586262870533517e+01
1.196912208834400859e+00	1.951697268745631675e+01
1.203201577354146234e+00	1.938538700424510708e+01
1.209486844441705733e+00	1.924626326276734289e+01
1.215763902074809888e+00	1.916464267657762477e+01
1.222049755171146668e+00	1.900892659461315404e+01
1.228340616621486969e+00	1.884506805107067606e+01
1.234632986576932767e+00	1.873744236230384175e+01
1.240902247176856488e+00	1.861478306312901765e+01
1.247174839144687519e+00	1.844820703323533806e+01
1.253465459933442272e+00	1.835429711363056526e+01
1.259749951892178421e+00	1.820392029060509742e+01
1.266032143127253873e+00	1.800621902348795800e+01
1.272316288472006507e+00	1.794111758759389730e+01
1.278604155058621350e+00	1.783079196740683514e+01
1.284886588933593865e+00	1.770632862400595187e+01
1.291175420066583257e+00	1.764114896932104060e+01
1.297465726373772332e+00	1.742659381588452305e+01
1.303741827011944299e+00	1.738958290168613630e+01
1.310017322922761851e+00	1.720751537917016805e+01
1.316301447662886703e+00	1.707780166949487466e+01
1.322586760363303249e+00	1.701324807133968164e+01
1.328865492452874664e+00	1.689693128533514965e+01
1.335144804954555564e+00	1.680521747523652465e+01
1.341440516272275119e+00	1.666098514605046788e+01
1.347730868417094552e+00	1.658767379369788841e+01
1.354001589994877630e+00	1.638840161760533576e+01
1.360282609297778444e+00	1.636505241170488034e+01
1.366565686457597906e+00	1.626493939817719436e+01
1.372851498482432708e+00	1.611152161413952655e+01
1.379135372929401804e+00	1.607685572845538147e+01
1.385409567149057164e+00	1.591722909870311753e+01
1.391698641219299315e+00	1.582965375085113635e+01
1.397984451439470810e+00	1.573358028447795398e+01
1.404267883409181961e+00	1.566762625782504159e+01
1.410554779484869181e+00	1.555524830832096050e+01
1.416837833547465397e+00	1.542725248951132322e+01
1.423118177187137068e+00	1.538474132434836683e+01
1.429397801164240089e+00	1.524127468058054014e+01
1.435686921822787232e+00	1.522448409105163059e+01
1.441977121769299597e+00	1.507245596854665948e+01
1.448253667853332427e+00	1.497457381787207709e+01
1.454532348972172651e+00	1.490273256626881704e+01
1.460819319151879903e+00	1.481808551382820127e+01
1.467110364402026468e+00	1.475614367330667243e+01
1.473392908948962132e+00	1.468608928321536311e+01
1.479669965243598950e+00	1.455410618857140825e+01
1.485956144602843532e+00	1.448795456560457140e+01
1.492233610763115115e+00	1.441925687231000985e+01
1.498502470379980078e+00	1.433803569830280900e+01
1.504785752051182701e+00	1.425716499419455197e+01
1.511075991894575976e+00	1.416159974167235625e+01
1.517361634985162189e+00	1.411706328944887012e+01
1.523648570969130533e+00	1.400588752534861570e+01
1.529938035715892264e+00	1.388769094347687627e+01
1.536230176913891965e+00	1.389265373990961372e+01
1.542510718779388279e+00	1.381526600867985088e+01
1.548783963082980275e+00	1.371666565210131949e+01
1.555073069779651318e+00	1.366761402380713264e+01
1.561357324927233892e+00	1.357610768951542468e+01
1.567629121053141006e+00	1.350740035169064157e+01
1.573913697404382583e+00	1.340417188349910482e+01
1.580203545230874029e+00	1.335323693375504739e+01
1.586485393434537983e+00	1.327076076324140352e+01
1.592760014263005841e+00	1.323404676107204558e+01
1.599046436394670812e+00	1.315230149886329514e+01
1.605342136637478934e+00	1.310086160420035561e+01
1.611619860919608627e+00	1.301567418298478529e+01
1.617897597081673799e+00	1.292955977035046722e+01
1.624183235481122756e+00	1.285500015539267338e+01
1.630464598531913722e+00	1.283410772885670781e+01
1.636748985747638274e+00	1.276028398621850890e+01
1.643030923698886259e+00	1.269252002267652912e+01
1.649309176648513064e+00	1.262417431436590398e+01
1.655593633940351861e+00	1.256283884660422068e+01
1.661879571405086464e+00	1.248814010660328755e+01
1.668169361685170271e+00	1.243936449461596006e+01
1.674450151530487485e+00	1.238573613851667687e+01
1.680722718978495900e+00	1.232956336758588023e+01
1.687013891340952476e+00	1.227198975395251956e+01
1.693308984907921033e+00	1.220942265132776861e+01
1.699582147428448486e+00	1.216820056479843792e+01
1.705863747055134105e+00	1.204201471994872286e+01
1.712154434283889470e+00	1.199914267214215080e+01
1.718438381579399321e+00	1.198181550324683364e+01
1.724721264464063930e+00	1.188981527718700981e+01
1.730997441276920679e+00	1.185768620718285149e+01
1.737287073528269499e+00	1.176454347051306293e+01
1.743567991878527401e+00	1.170317888728905231e+01
1.749840680212231048e+00	1.169258748014432570e+01
1.756128549091961144e+00	1.164765037988557062e+01
1.762413535324792502e+00	1.159549746671142856e+01
1.768696187669963837e+00	1.154401283531590394e+01
1.774979359379055266e+00	1.148866555991996741e+01
1.781265555576432957e+00	1.142272689202597569e+01
1.787549427830244619e+00	1.135503113368225669e+01
1.793834120011633004e+00	1.128998319801467964e+01
1.800115051552487300e+00	1.127694769613651005e+01
1.806393904854530330e+00	1.123315055268593099e+01
1.812674089667083432e+00	1.117127175505340375e+01
1.818956920109354058e+00	1.116702543021137650e+01
1.825244164118212220e+00	1.107985785609070284e+01
1.831527256642196955e+00	1.104188958170623458e+01
1.837811294935716599e+00	1.097843459663496901e+01
1.844100717411196744e+00	1.094354624179938007e+01
1.850384816792487230e+00	1.088746158546559073e+01
1.856666059735203822e+00	1.084439501610608581e+01
1.862947728675613979e+00	1.081941838451288440e+01
1.869229324466858078e+00	1.078018903697553910e+01
1.875517616802973686e+00	1.069706486559406855e+01
1.881800769033795229e+00	1.064081987305958954e+01
1.888078863416442710e+00	1.062217491087284849e+01
1.894353975182237582e+00	1.056299387251812760e+01
1.900642716154182565e+00	1.051291617944882439e+01
1.906933494748685121e+00	1.049717756269547486e+01
1.913207568676573933e+00	1.042030549842534981e+01
1.919490884732178992e+00	1.040698652668785229e+01
1.925776855684274480e+00	1.035891850955352034e+01
1.932064452961978152e+00	1.031206292394939794e+01
1.938342610030488800e+00	1.031204963628369242e+01
1.944618341543410178e+00	1.022352615799122511e+01
1.950906260203513876e+00	1.017212015983705875e+01
1.957194556613796488e+00	1.014898247956141653e+01
1.963479614559011432e+00	1.014570327486794277e+01
1.969760361532916226e+00	1.007582091819101677e+01
1.976048367034604736e+00	1.002084048169617603e+01
1.982337990217652335e+00	9.985558540461418886e+00
1.988617489259562721e+00	9.963027365660858337e+00
1.994896320665194178e+00	9.923692095559868420e+00
2.001179596222827151e+00	9.866574584625391608e+00
2.007459756923499761e+00	9.841816213084392473e+00
2.013737397779169935e+00	9.814770807873035352e+00
2.020017234677497164e+00	9.776939277316376575e+00
2.026310251015072783e+00	9.737210485744967059e+00
2.032600542948020284e+00	9.698474642772595189e+00
2.038873863192099289e+00	9.678985977569832144e+00
2.045154087821675404e+00	9.627568882024903019e+00
2.051444704514288730e+00	9.582278089563340373e+00
2.057730430280644729e+00	9.565531886306613885e+00
2.064013940455224461e+00	9.506114332920564181e+00
2.070299891179459895e+00	9.485015149914092447e+00
2.076589719964883951e+00	9.434512705937210697e+00
2.082865483794470673e+00	9.443475498151238767e+00
2.089134494859368640e+00	9.400165088871460739e+00
2.095424211360070288e+00	9.355719234389500372e+00
2.101707116664804254e+00	9.330228086617067262e+00
2.107986473933564309e+00	9.274964735369115587e+00
2.114271806543862375e+00	9.276082330624905836e+00
2.120552717288892275e+00	9.229843361103561961e+00
2.126836933207161717e+00	9.195392631730225474e+00
2.133122044791171845e+00	9.158142993780895580e+00
2.139411711910842673e+00	9.112010719693648397e+00
2.145697076775292089e+00	9.090662098170700034e+00
2.151973548606471276e+00	9.065141418068119350e+00
2.158259913555724108e+00	9.029757105793322580e+00
2.164545396699105506e+00	9.015703991533159822e+00
2.170830700377734068e+00	9.007321211068351374e+00
2.177114138849150393e+00	8.949452639558936440e+00
2.183387647576827018e+00	8.914991882446566152e+00
2.189670273687676971e+00	8.886785686223277025e+00
2.195960147934207463e+00	8.858917956028774299e+00
2.202242556317716371e+00	8.811924758295878846e+00
2.208521655981037668e+00	8.808565963415802003e+00
2.214804637081333016e+00	8.771824478764530753e+00
2.221092583349425276e+00	8.749761676347509010e+00
2.227372893591468728e+00	8.713680893943209327e+00
2.233657161144248171e+00	8.688527623597286365e+00
2.239943485394438660e+00	8.684992290685643823e+00
2.246224175264620815e+00	8.648755807575874144e+00
2.252506378421252009e+00	8.619772125184102407e+00
2.258783417054270437e+00	8.586605689372158068e+00
2.265069077371457684e+00	8.544743839794060491e+00
2.271350377044131452e+00	8.548203577407868181e+00
2.277633995145353918e+00	8.508434237398505573e+00
2.283922419579920149e+00	8.488535093682511246e+00
2.290202874392252674e+00	8.462569530754631586e+00
2.296490779970905560e+00	8.422498940541718326e+00
2.302771769934229162e+00	8.385323171561021027e+00
2.309051364164305564e+00	8.396573104091071826e+00
2.315338502539088239e+00	8.367338406073642432e+00
2.321627336503874428e+00	8.329204350334173057e+00
2.327911878297218795e+00	8.301909942628634909e+00
2.334186238580297168e+00	8.289634890960686064e+00
2.340467971862688401e+00	8.260500683600580984e+00
2.346756940970738725e+00	8.236477800200459498e+00
2.353044444556199988e+00	8.218010741371443828e+00
2.359327653314069906e+00	8.203011319759646369e+00
2.365603048789861607e+00	8.180901010512274141e+00
2.371885911737665165e+00	8.154914394980687931e+00
2.378173303594019572e+00	8.123361079029123744e+00
2.384454016539381271e+00	8.113741463804947429e+00
2.390736447344785187e+00	8.085397335826312926e+00
2.397014133897952259e+00	8.064697203720351482e+00
2.403295490074321972e+00	8.037131664701453460e+00
2.409585049672506862e+00	8.012480166766236422e+00
2.415871703165322071e+00	7.989562457212441515e+00
2.422160652369088840e+00	7.974128533237665906e+00
2.428440167222748691e+00	7.969510450408330726e+00
2.434717472383889803e+00	7.945049088849947871e+00
2.441002456202044257e+00	7.916178390670837395e+00
2.447289980304530488e+00	7.897592727757337450e+00
2.453571844729242279e+00	7.878621667328307154e+00
2.459852705114058846e+00	7.851247516840708762e+00
2.466139233225018934e+00	7.838886131942990332e+00
2.472421963421291391e+00	7.818232717006294408e+00
2.478698519174224568e+00	7.805471383903049620e+00
2.484980841400355800e+00	7.784547922220233396e+00
2.491269319409339822e+00	7.776608348815386762e+00
2.497548505139029373e+00	7.754082016272643152e+00
2.503831667172610853e+00	7.730604489470283447e+00
2.510117938323931153e+00	7.727516774295565938e+00
2.516400733681277480e+00	7.706322152281136262e+00
2.522688226833368130e+00	7.682772846381602072e+00
2.528971695852665569e+00	7.668686454771193262e+00
2.535252039407670299e+00	7.642371393071304198e+00
2.541537514142774512e+00	7.638359922158470816e+00
2.547823008847572179e+00	7.625835791701180533e+00
2.554100666580690238e+00	7.597556521010207398e+00
2.560376788884177301e+00	7.594111370330105970e+00
2.566667521601497359e+00	7.569432526813470119e+00
2.572955062237090473e+00	7.550083994867192061e+00
2.579233771797999175e+00	7.536936329144854341e+00
2.585520164300948220e+00	7.529226957776748108e+00
2.591805130332431872e+00	7.508103637857768575e+00
2.598084074692260881e+00	7.502965666180690718e+00
2.604360404197643586e+00	7.491939614882909382e+00
2.610647185140439142e+00	7.479240507590991349e+00
2.616931864059273138e+00	7.459368164990640260e+00
2.623206107911065565e+00	7.450719842622287814e+00
2.629491626543270844e+00	7.426402596689179347e+00
2.635778507982642349e+00	7.420942219972806342e+00
2.642061039325260818e+00	7.403864287025663238e+00
2.648343840729305843e+00	7.396509732923311375e+00
2.654631838974855551e+00	7.373946069064928999e+00
2.660919001246303761e+00	7.353012014943810293e+00
2.667198525130066056e+00	7.362980547812127519e+00
2.673484307038032526e+00	7.338892313926903554e+00
2.679773388053849459e+00	7.332385997638231956e+00
2.686058217632288692e+00	7.319153628046245252e+00
2.692338738200057868e+00	7.304463177207157543e+00
2.698618022887226964e+00	7.296721740278224289e+00
2.704895450708277860e+00	7.289555785355680051e+00
2.711175674923682166e+00	7.275474303959044597e+00
2.717459832966957922e+00	7.261387439844364522e+00
2.723745731959044569e+00	7.258248937765545250e+00
2.730038414850594730e+00	7.251790552321458527e+00
2.736317989800789441e+00	7.241680731457950770e+00
2.742591858549239703e+00	7.234419172246295382e+00
2.748879749010778362e+00	7.213501924690921996e+00
2.755163403825859447e+00	7.212957292257184072e+00
2.761446955625852073e+00	7.209025575730739988e+00
2.767732088935374701e+00	7.199041594786707243e+00
2.774015452421743966e+00	7.172755390135389320e+00
2.780298635700591436e+00	7.176406646176654469e+00
2.786577474762241380e+00	7.160754275262328328e+00
2.792857983210164541e+00	7.163768559722681672e+00
2.799143790920211483e+00	7.150088845279234384e+00
2.805430058399325244e+00	7.146711183189704109e+00
2.811715058209780072e+00	7.149734838307929330e+00
2.817989272498773623e+00	7.134290105815129124e+00
2.824269171595737760e+00	7.129618890229276751e+00
2.830563016441804081e+00	7.128534647351150610e+00
2.836848750951622034e+00	7.121921787985878716e+00
2.843130027866129783e+00	7.122597073313449378e+00
2.849413896912404986e+00	7.116424967262553025e+00
2.855697464522425566e+00	7.105000094468191918e+00
2.861978799810683594e+00	7.097989165858098914e+00
2.868262469415629567e+00	7.091392087092351026e+00
2.874547359206753860e+00	7.090445072539841576e+00
2.880831111471525041e+00	7.091761785684655095e+00
2.887113216972382546e+00	7.085066744614366918e+00
2.893394504725182781e+00	7.089246069239814929e+00
2.899673662137033592e+00	7.081418509442189091e+00
2.905953958587380814e+00	7.063112974009054135e+00
2.912241118105161064e+00	7.070599779708620858e+00
2.918525996366671205e+00	7.076875294134506333e+00
2.924809035425688819e+00	7.073122036398543422e+00
2.931095916293684933e+00	7.067229277329501791e+00
2.937378182606774413e+00	7.071086255889113659e+00
2.943659980254369923e+00	7.061984652643179317e+00
2.949946454403890250e+00	7.072289415376885380e+00
2.956227653702202307e+00	7.067226379954351323e+00
2.962510478867462993e+00	7.064934441330586345e+00
2.968796535179442309e+00	7.063040520398375044e+00
2.975077657376874907e+00	7.069933967533677865e+00
2.981359866759223376e+00	7.068215445105067829e+00
2.987646761575656562e+00	7.055031437085664159e+00
2.993929038370399365e+00	7.082435518469952562e+00
3.000206214840962726e+00	7.072063118688302730e+00
3.006486172402415669e+00	7.076695999679324167e+00
3.012769812211594456e+00	7.075294713785410750e+00
3.019053144326170113e+00	7.076827728156708019e+00
3.025337405144251424e+00	7.084729086365467055e+00
3.031623734799107961e+00	7.086815291459047650e+00
3.037908962055872575e+00	7.087436390997953417e+00
3.044195067146031608e+00	7.099171634445639256e+00
3.050475543482170426e+00	7.097690758982816206e+00
3.056754954538277502e+00	7.108468421501510370e+00
3.063040539557494668e+00	7.096749270136131216e+00
3.069323699454357346e+00	7.120298076036615242e+00
3.075610692642898769e+00	7.126270656086573396e+00
3.081893798009918584e+00	7.116604636204074907e+00
3.088174549548037717e+00	7.125739724698318511e+00
3.094458635632868493e+00	7.147183544544003730e+00
3.100743982931558840e+00	7.139603483226884428e+00
3.107028111748448396e+00	7.145790875492283867e+00
3.113309299655494300e+00	7.152049491353739796e+00
3.119590662867241626e+00	7.171791340617403421e+00
3.125874006820172912e+00	7.174585614091607333e+00
3.132159251154602586e+00	7.199034117251070342e+00
3.138439172765940643e+00	7.194463582673725988e+00
3.144723867719826593e+00	7.199376038022629487e+00
3.151003951258561031e+00	7.211472380775592050e+00
3.157283664131563139e+00	7.231154417952342150e+00
3.163569317183839935e+00	7.237796202029470827e+00
3.169851661717792091e+00	7.264415483838798870e+00
3.176137704316093657e+00	7.258049476440544545e+00
3.182420924828643916e+00	7.277338929441731885e+00
3.188702811875577581e+00	7.285477364658773602e+00
3.194990520008989865e+00	7.318508371866951023e+00
3.201275324656983834e+00	7.326031176149213842e+00
3.207551352179861759e+00	7.320841687762505323e+00
3.213835216737041645e+00	7.341207756797374806e+00
3.220122579819103770e+00	7.340931662229609245e+00
3.226406606618656525e+00	7.311620137134996256e+00
3.232687390085645429e+00	7.278263245980470586e+00
3.238969121280456331e+00	7.259808240779446642e+00
3.245254751548589667e+00	7.241711997158591707e+00
3.251534499036136783e+00	7.221625464107463976e+00
3.257817780791052442e+00	7.187807963790262988e+00
3.264102164154097263e+00	7.150283927536117190e+00
3.270384152138468892e+00	7.158307788101955893e+00
3.276669427476867735e+00	7.113613128900031057e+00
3.282954688864507808e+00	7.096472947878488924e+00
3.289237200334947264e+00	7.084917441641434444e+00
3.295519587088236779e+00	7.066129054816770783e+00
3.301805977329951958e+00	7.036010349989932244e+00
3.308087486222440088e+00	7.019713249855223935e+00
3.314367630234227313e+00	6.994588415405059934e+00
3.320651909732194262e+00	6.980184899837614587e+00
3.326931260376857047e+00	6.964283791009860280e+00
3.333216512447217728e+00	6.928174806809413333e+00
3.339504489419978128e+00	6.929722131296297327e+00
3.345786804809928405e+00	6.922433317555126031e+00
3.352071130016277767e+00	6.896905805391003952e+00
3.358351496304225581e+00	6.885509691993043191e+00
3.364630591073392019e+00	6.861107572335740201e+00
3.370916305215045483e+00	6.842323146580248761e+00
3.377197952029413752e+00	6.836934349513087206e+00
3.383483063818085501e+00	6.817186333562213818e+00
3.389769992424469969e+00	6.804173860297350274e+00
3.396051330885982100e+00	6.797118333266170431e+00
3.402330879139463971e+00	6.773201895277790818e+00
3.408610488352048495e+00	6.770442317172622460e+00
3.414897837696641236e+00	6.751858897458360431e+00
3.421180484052105619e+00	6.732356120849063430e+00
3.427461639653846870e+00	6.721592080235099687e+00
3.433749159643459059e+00	6.710063409369391607e+00
3.440032646656798310e+00	6.699132407557067737e+00
3.446313366033385339e+00	6.688120737799953197e+00
3.452600135384134905e+00	6.677498226710507190e+00
3.458883152815406703e+00	6.663015758977068437e+00
3.465163834403715448e+00	6.659305852064320241e+00
3.471449329786229221e+00	6.653863714238596572e+00
3.477734476754053894e+00	6.634711669514216759e+00
3.484019652467224226e+00	6.616378251065498262e+00
3.490297019369712928e+00	6.613199493773967319e+00
3.496582486484379970e+00	6.607770466442847379e+00
3.502868048046865024e+00	6.593115946436283181e+00
3.509144649545451244e+00	6.584726052063025747e+00
3.515428082003116295e+00	6.592955952290797228e+00
3.521711031624695565e+00	6.570937219249998407e+00
3.527991850954735664e+00	6.556225119875468188e+00
3.534275545726699885e+00	6.553514941700361973e+00
3.540562632020772149e+00	6.542481460525701564e+00
3.546844410757220789e+00	6.538814391462933528e+00
3.553131386753758836e+00	6.533022310002027488e+00
3.559419203211965144e+00	6.521534610583061387e+00
3.565697971577579839e+00	6.511779206189672209e+00
3.571979559134798254e+00	6.511375958631551164e+00
3.578265774595833726e+00	6.507790663846590995e+00
3.584548309769353125e+00	6.493125373054995819e+00
3.590826843920031486e+00	6.489359026411258391e+00
3.597107306745233934e+00	6.498743047086948721e+00
3.603392831792229245e+00	6.489126110282281701e+00
3.609673209822572559e+00	6.480996476139832652e+00
3.615955412133016189e+00	6.475876067235154743e+00
3.622241607772384686e+00	6.461889033425106454e+00
3.628520252736676444e+00	6.463268591573564592e+00
3.634804827569451113e+00	6.456128458832638195e+00
3.641094981788862928e+00	6.455779093668812862e+00
3.647383514928639325e+00	6.445122140097041097e+00
3.653663283927725658e+00	6.440925635424441964e+00
3.659943504072155296e+00	6.434762061438669356e+00
3.666232000281138603e+00	6.441038657596467765e+00
3.672514211678317597e+00	6.436723140299585921e+00
3.678794154686042539e+00	6.435039776474042128e+00
3.685078621861909820e+00	6.428497132577360773e+00
3.691359210097977961e+00	6.427550553072812534e+00
3.697642368173791105e+00	6.414301566899792917e+00
3.703925796735277665e+00	6.426827593045725706e+00
3.710208240364660348e+00	6.419477103397519535e+00
3.716494593122387169e+00	6.403670992977761323e+00
3.722775386659595398e+00	6.411796186466169445e+00
3.729058392883481510e+00	6.408194015653236875e+00
3.735339748210807720e+00	6.409859984998129256e+00
3.741620776392969638e+00	6.418561490985411844e+00
3.747904795418762980e+00	6.417630578407382380e+00
3.754190633281219380e+00	6.415011096646826338e+00
3.760478208018912749e+00	6.412210009606846839e+00
3.766755538573464346e+00	6.423136852708859479e+00
3.773032090135151506e+00	6.409671938770682864e+00
3.779322553012896879e+00	6.418251218216450837e+00
3.785609109731308930e+00	6.405283972905785994e+00
3.791889825936295200e+00	6.417258792205333684e+00
3.798174822702435893e+00	6.415805722611688466e+00
3.804458658753491651e+00	6.416965178908969669e+00
3.810738438095723435e+00	6.415589811409391885e+00
3.817018850285747167e+00	6.417225685003640656e+00
3.823305314209427763e+00	6.429980845476190865e+00
3.829591295197792178e+00	6.425184865101903675e+00
3.835872296070849341e+00	6.427878809136281291e+00
3.842156279590906109e+00	6.428655780582547941e+00
3.848441511099312429e+00	6.440247873750220897e+00
3.854723334376886079e+00	6.438529902491646695e+00
3.861004740704794713e+00	6.447017326875911003e+00
3.867284336650660848e+00	6.444617475216987579e+00
3.873567367678779849e+00	6.450920065770396228e+00
3.879850662830422792e+00	6.450781798657670763e+00
3.886137063198143338e+00	6.468303880419918883e+00
3.892419463049126005e+00	6.470809801259950866e+00
3.898703740328622658e+00	6.462490935885363719e+00
3.904991458788179326e+00	6.467863232715033384e+00
3.911270842222104083e+00	6.480044749147721106e+00
3.917549806479573071e+00	6.495464352232144911e+00
3.923836006203090587e+00	6.487443761713435286e+00
3.930121452497870926e+00	6.497229473581421111e+00
3.936398172858230460e+00	6.503761348893049465e+00
3.942683040425962293e+00	6.510131387766028510e+00
3.948974759704379611e+00	6.516283824088529464e+00
3.955259227995065352e+00	6.525678035041759806e+00
3.961537174921395454e+00	6.530779900356011858e+00
3.967820217617139544e+00	6.538003801490551936e+00
3.974105559832568968e+00	6.555853461407193272e+00
3.980384727931198352e+00	6.554150596752355007e+00
3.986664590839849698e+00	6.563720110575092193e+00
3.992949619150675034e+00	6.573200401861514663e+00
3.999235075769965952e+00	6.568746602163190396e+00
4.005515715515433506e+00	6.586958843493001758e+00
4.011798434346478537e+00	6.592752440599121577e+00
4.018083716245132386e+00	6.601663859430600745e+00
4.024365700052603856e+00	6.622218722530167412e+00
4.030643960839860540e+00	6.629681251615183513e+00
4.036928708926215137e+00	6.654758285446158439e+00
4.043218157412017177e+00	6.655825144273261884e+00
4.049503019487663558e+00	6.659335790847596748e+00
4.055781898960511000e+00	6.677540749650804131e+00
4.062060795621602161e+00	6.691473358731300891e+00
4.068347865354716042e+00	6.694725915734749400e+00
4.074631027173265529e+00	6.707777891083018140e+00
4.080910837526078971e+00	6.719516144791031209e+00
4.087201203341442657e+00	6.731359857596112661e+00
4.093486818591942189e+00	6.746962040265979788e+00
4.099764387336505500e+00	6.775780321508415582e+00
4.106049166937662420e+00	6.775870422374232760e+00
4.112334559041358695e+00	6.784960374075124534e+00
4.118618926059533614e+00	6.799673017863144153e+00
4.124898942031112625e+00	6.808891337121544929e+00
4.131175432561665417e+00	6.832890311886833601e+00
4.137461563786142271e+00	6.836407621130784484e+00
4.143746006210170307e+00	6.857790745715393044e+00
4.150029800482964326e+00	6.868170543890269819e+00
4.156313390684649001e+00	6.889650104229898986e+00
4.162596105843763716e+00	6.904567289859710577e+00
4.168881843141768684e+00	6.926810059568171418e+00
4.175162111073220217e+00	6.933858825078638155e+00
4.181448573417560155e+00	6.952611418117514930e+00
4.187738782464171194e+00	6.971182217177789298e+00
4.194017437180169061e+00	6.982131855083190786e+00
4.200293572701767175e+00	6.991334431408653849e+00
4.206580195481546269e+00	7.028829446082530907e+00
4.212860644652220543e+00	7.043501288423541062e+00
4.219138153430114002e+00	7.056302845574160543e+00
4.225426162098283811e+00	7.059512960457344555e+00
4.231713506719782636e+00	7.098309812638186500e+00
4.237990056577191744e+00	7.118894954408941267e+00
4.244267783646744618e+00	7.141216151613711816e+00
4.250560660182562955e+00	7.165918300357549953e+00
4.256847734842668096e+00	7.166030768200005063e+00
4.263127100734456221e+00	7.202858217987722078e+00
4.269406860432507500e+00	7.202254271173469391e+00
4.275691671482192646e+00	7.217601910572325252e+00
4.281972414189518794e+00	7.243720570065330655e+00
4.288253516806755705e+00	7.258254031772611192e+00
4.294540520160492925e+00	7.288328970953323882e+00
4.300825742921731809e+00	7.312045834412262302e+00
4.307109835491901961e+00	7.323112397018863184e+00
4.313390926478413157e+00	7.354304385481593265e+00
4.319667979480563247e+00	7.357480749500888706e+00
4.325952598143786076e+00	7.384269584033148703e+00
4.332241647035422361e+00	7.386568052644998161e+00
4.338524445619096781e+00	7.428966442630989597e+00
4.344809348131129845e+00	7.445316821272203178e+00
4.351090699193166600e+00	7.455983694600710088e+00
4.357369710808320029e+00	7.485924355966109722e+00
4.363659348967174445e+00	7.483566550212005453e+00
4.369947418280990981e+00	7.510488884345458693e+00
4.376226569265827315e+00	7.536242357439918216e+00
4.382499356631129217e+00	7.545520227544612268e+00
4.388784975178015024e+00	7.580468480812036169e+00
4.395068696309480494e+00	7.576352655158420824e+00
4.401347962382031298e+00	7.604885305223027636e+00
4.407628405096517099e+00	7.619086440683268791e+00
4.413915862185140426e+00	7.628896289782522544e+00
4.420203163534264235e+00	7.643551830877318487e+00
4.426480311003382795e+00	7.668779729195688510e+00
4.432765973643649104e+00	7.693238523722520483e+00
4.439053392023870614e+00	7.682976298177485397e+00
4.445336141335588742e+00	7.712175141544803658e+00
4.451617241414883352e+00	7.716565435843850906e+00
4.457901500730311106e+00	7.720987381908352987e+00
4.464189501093017043e+00	7.766195622860761816e+00
4.470470197548729985e+00	7.755315970226591915e+00
4.476748044268524573e+00	7.767124674637346793e+00
4.483035990164653484e+00	7.736911771388391479e+00
4.489323331650528104e+00	7.731556555642582040e+00
4.495599111667934800e+00	7.753076052838713927e+00
4.501870922878794090e+00	7.747532393067742440e+00
4.508155162877705457e+00	7.771787109121692794e+00
4.514446451153479423e+00	7.742000133591110611e+00
4.520723894043856994e+00	7.731543887224288980e+00
4.527003782460155890e+00	7.702168856946439490e+00
4.533293086610313161e+00	7.704047017969188005e+00
4.539578989864040182e+00	7.661452059741105103e+00
4.545857164866476730e+00	7.673328010802562105e+00
4.552138955546025656e+00	7.647466381056124973e+00
4.558432046889146605e+00	7.606936495338735504e+00
4.564713463378488711e+00	7.609393016808227550e+00
4.570987274133244682e+00	7.590033639139829091e+00
4.577274818151045643e+00	7.584081554295784677e+00
4.583563263889338657e+00	7.567858279402090993e+00
4.589844917004465508e+00	7.623123682717948491e+00
4.596126259982004747e+00	7.583959738497068948e+00
4.602409075598298926e+00	7.585240695817415002e+00
4.608696634867644804e+00	7.604316304730397214e+00
4.614977646498861219e+00	7.624956733559081101e+00
4.621258953029527383e+00	7.624128033030775242e+00
4.627547993978874175e+00	7.629686451818938231e+00
4.633830152730579854e+00	7.601805103823497056e+00
4.640104005367354567e+00	7.658721428331218384e+00
4.646382060386754276e+00	7.627356272818271776e+00
4.652674213731970987e+00	7.625491311265854222e+00
4.658958291796220230e+00	7.647186066992635034e+00
4.665233615070169648e+00	7.684762852849339687e+00
4.671520675710307380e+00	7.672365209600709335e+00
4.677814351732177300e+00	7.706975172025856580e+00
4.684093699744638073e+00	7.683924311950726782e+00
4.690368661472568590e+00	7.735679203574125751e+00
4.696663270746453733e+00	7.720158485352345501e+00
4.702945459248681459e+00	7.723733938243658059e+00
4.709209170841929470e+00	7.769914901404513685e+00
4.715491634753063543e+00	7.774531277652603656e+00
4.721784316284933780e+00	7.801501710895848873e+00
4.728063062331094635e+00	7.779561210666930293e+00
4.734337423381671073e+00	7.853025147134504280e+00
4.740627024094544062e+00	7.832488356731719392e+00
4.746914995664547554e+00	7.873932933939650880e+00
4.753194740071086777e+00	7.904452439682952303e+00
4.759478891864783456e+00	7.903086254952250478e+00
4.765762396877359031e+00	7.920741771533362119e+00
4.772049481246195768e+00	7.956804232708777569e+00
4.778335091022592351e+00	7.989107552043074989e+00
4.784610831402393849e+00	7.987854086331190651e+00
4.790907306208476157e+00	7.988363736654255476e+00
4.797204047706418173e+00	8.052731061614631258e+00
4.803470827697504220e+00	8.055209556290950701e+00
4.809748850577324042e+00	8.091058613447161818e+00
4.816045316586602176e+00	8.119024990199195102e+00
4.822329240673497885e+00	8.123488934211046342e+00
4.828596758226470165e+00	8.168720140302996313e+00
4.834890332961369275e+00	8.207685610117726682e+00
4.841191655056394261e+00	8.229899770237924628e+00
4.847460407468000554e+00	8.225726950472260768e+00
4.853732128521334843e+00	8.289021267289548689e+00
4.860029138783373170e+00	8.299320816985781946e+00
4.866314601732018019e+00	8.329432334599410126e+00
4.872587026269203925e+00	8.406317267665372128e+00
4.878874221748241702e+00	8.432073018126873265e+00
4.885171078138658807e+00	8.424808122159763712e+00
4.891450629931857641e+00	8.468516573764830468e+00
4.897716482750221978e+00	8.545530732862339107e+00
4.904002834596266069e+00	8.559195467061309515e+00
4.910295858205786068e+00	8.583494291983322810e+00
4.916575188115905881e+00	8.662515200935647641e+00
4.922847946197084212e+00	8.651284428514829372e+00
4.929131667457151700e+00	8.678491072122859862e+00
4.935434460144239033e+00	8.771932578168176065e+00
4.941718513303545279e+00	8.751945652919564722e+00
4.947978624761803168e+00	8.825993785109327305e+00
4.954274999209829389e+00	8.865259544842727379e+00
4.960571094729937514e+00	8.923690864499427278e+00
4.966823207626954506e+00	8.958647416243243455e+00
4.973097418390337587e+00	9.044505057558984262e+00
4.979415129936382023e+00	9.029277504476048932e+00
4.985702082330368157e+00	9.104229366186821437e+00
4.991949985828016523e+00	9.085161009017284073e+00
4.998241586316924057e+00	9.227718827033104532e+00
5.004556635606089543e+00	9.222407084304215630e+00
5.010828655701208945e+00	9.354833512005308549e+00
5.017077229702536556e+00	9.343456513324346346e+00
5.023374414758113637e+00	9.400198480005839130e+00
5.029688873569548413e+00	9.459794142652157234e+00
5.035958413584124216e+00	9.491278001171529866e+00
5.042232667658486989e+00	9.575762022815318630e+00
5.048528755870775875e+00	9.667991138250975780e+00
5.054821121427484520e+00	9.692352926225217047e+00
5.061069509814582368e+00	9.773812226137980730e+00
5.067347812754101177e+00	9.835143916499905714e+00
5.073675050630431116e+00	9.919336989191744891e+00
5.079945928388977627e+00	9.969919070689742924e+00
5.086192992546071601e+00	1.002621498813016743e+01
5.092484128970163226e+00	1.008700858075751761e+01
5.098802924706086870e+00	1.013591914968306718e+01
5.105078217426394005e+00	1.025682945236994925e+01
5.111325076574067872e+00	1.028431725381798145e+01
5.117628358851224135e+00	1.043353615912900167e+01
5.123935939383525984e+00	1.047117256629475079e+01
5.130199176325612065e+00	1.060271978819632466e+01
5.136469985878846956e+00	1.059621539839400128e+01
5.142797788696348071e+00	1.067730298011586321e+01
5.149090378043822192e+00	1.070607530165829857e+01
5.155289879840074363e+00	1.078499300430775065e+01
5.161564521234301317e+00	1.092466976377515842e+01
5.167916673496016244e+00	1.091590007985598376e+01
5.174205974602950064e+00	1.097691934986632845e+01
5.180434820793812456e+00	1.113254356125431954e+01
5.186729096569634656e+00	1.124306546941567220e+01
5.193058481037780894e+00	1.140611417661856741e+01
5.199319511444338460e+00	1.147934283735203742e+01
5.205574295584361799e+00	1.162228190946466988e+01
5.211894977074066126e+00	1.167743601018170807e+01
5.218201708336958511e+00	1.173152181420475237e+01
5.224411911780083351e+00	1.180562710184856279e+01
5.230677632666463239e+00	1.196882026283448930e+01
5.237056729559757429e+00	1.198170197667883485e+01
5.243336785035660697e+00	1.219779785709433106e+01
5.249493476178225038e+00	1.230655211503757052e+01
5.255787017738318134e+00	1.219086830522906695e+01
5.262205327426889845e+00	1.239072957187619650e+01
5.268477758348532269e+00	1.252332792157956831e+01
5.274632213654732560e+00	1.255742860658299875e+01
5.280950543314659740e+00	1.272808624628377316e+01
5.287327645024750389e+00	1.303040423505249024e+01
5.293582359180156516e+00	1.309934138684046800e+01
5.299789992649893478e+00	1.310790256844648738e+01
5.306111460381987222e+00	1.320379710031270193e+01
5.312452717892129250e+00	1.340575902591574575e+01
5.318650122853046724e+00	1.348474791166506925e+01
5.324923043129819789e+00	1.383165035665214226e+01
5.331330237158205421e+00	1.372784883312221993e+01
5.337586726886338617e+00	1.418741902746695871e+01
5.343685192440848830e+00	1.412031165085377360e+01
5.350070659715249199e+00	1.423430560625362773e+01
5.356556762554878226e+00	1.429360860803410560e+01
5.362691868684501095e+00	1.450332461725845512e+01
5.368769208912516966e+00	1.446329263376048324e+01
5.375270137997677722e+00	1.464124791459859232e+01
5.381769983045385786e+00	1.511050357377730435e+01
5.387701030372958222e+00	1.521342360052720721e+01
5.393786668001271600e+00	1.528569621116743171e+01
5.400446161099396569e+00	1.543691145596592129e+01
5.406957063684501463e+00	1.585482332102599834e+01
5.412655672453426270e+00	1.562802803198791324e+01
5.418821279260546575e+00	1.639406297121963263e+01
5.425690594366304076e+00	1.611312876797165217e+01
5.432217487502165376e+00	1.645112564037254188e+01
5.437649811577258241e+00	1.638124541882122998e+01
5.443914404015878006e+00	1.665856047888885882e+01
5.450953501686320202e+00	1.693154929629350036e+01
5.457483690405861232e+00	1.721529270794498956e+01
5.462715250135157241e+00	1.737920848924600747e+01
5.469033575551323523e+00	1.725149276397607778e+01
5.476177730420278778e+00	1.711722345902353126e+01
5.482708935702562236e+00	1.781295428560007466e+01
5.487722405008360838e+00	1.787708837655305771e+01
5.494194284996126498e+00	1.831233687234563945e+01
5.501391471009256406e+00	1.905860115682945732e+01
5.507128202673079009e+00	1.964494491047362956e+01
5.512278020050448646e+00	1.900473359841249632e+01
5.519395563377015534e+00	1.983982340215223417e+01
5.526598678609708770e+00	1.871610501375556979e+01
5.532162682462509196e+00	1.819135788141111476e+01
5.537397124017139127e+00	2.179376232165009952e+01
5.544582756485218589e+00	2.104808888163550762e+01
5.551739327507637434e+00	2.152968959574218388e+01
5.557493306674907707e+00	2.482684045308645793e+01
5.562281709102816940e+00	1.657507428368902680e+01
5.569272720323164449e+00	2.957552060531689619e+01
