8.899641224696953554e-03	6.874719839676996344e+03
1.507912216506557788e-02	8.293168878170092285e+03
2.144790186456836667e-02	1.111337244540345819e+04
2.783660776489276650e-02	7.150225852331177521e+03
3.435099785803411021e-02	6.337288224418611208e+03
4.047886761425745911e-02	5.430154679043546821e+03
4.676716683575679601e-02	5.240996743231850814e+03
5.308225101765951665e-02	4.395402784731049906e+03
5.945362440940590160e-02	4.185622398961861109e+03
6.576224814588792211e-02	3.699500985793020391e+03
7.196632906698736953e-02	3.443782888302947867e+03
7.827860915688347743e-02	3.483372478764316838e+03
8.470398945834539672e-02	2.824586510298196117e+03
9.096854620527369817e-02	2.524758037445778882e+03
9.720789776830213169e-02	2.257929555282020374e+03
1.034763038959366499e-01	2.085353832156016324e+03
1.097576444254559219e-01	1.812798347313129398e+03
1.160543084780093354e-01	1.757875825504053864e+03
1.223669666537485351e-01	1.582373299676707120e+03
1.286817263090294094e-01	1.600298877527987088e+03
1.349500801664080818e-01	1.454951666910658105e+03
1.411949558842147678e-01	1.392005007348483787e+03
1.475133575747468451e-01	1.303145296143116411e+03
1.537865074252268427e-01	1.183771404327376104e+03
1.600657544051110326e-01	1.110802508832652620e+03
1.663991168687080635e-01	1.011985910508031679e+03
1.727195645776442856e-01	9.791763566732904565e+02
1.789765213377084718e-01	9.151518370396049704e+02
1.852353690647852158e-01	9.128063671723704147e+02
1.914806787341157279e-01	8.621829217259937650e+02
1.977889868651535599e-01	8.293319700163110610e+02
2.040937735447724277e-01	7.898094904442890538e+02
2.103939302609846018e-01	7.466843141579416852e+02
2.166909709822301688e-01	7.133318412995670315e+02
2.229700281216152047e-01	6.757504428109809851e+02
2.292620027086341994e-01	6.255323063583028897e+02
2.355141508366812297e-01	6.202864197349935012e+02
2.417910583817859116e-01	5.892136346505297979e+02
2.480856539439619257e-01	5.666515371962731251e+02
2.543492256872954549e-01	5.438091060008099475e+02
2.606334251884805386e-01	5.268529763608589747e+02
2.669257370896960802e-01	5.088287496167986887e+02
2.732423343141155980e-01	4.956859422348636031e+02
2.795529680084415936e-01	4.688761213019989214e+02
2.858366292314493129e-01	4.618228529389992900e+02
2.920876271394311496e-01	4.520737427360818401e+02
2.983449844439822751e-01	4.314574194495806978e+02
3.046382639407197446e-01	4.125210760615444201e+02
3.109279127003197196e-01	4.061627745721188489e+02
3.172168171618398036e-01	3.899478550712300944e+02
3.235187567944423082e-01	3.772325311268487553e+02
3.298168217550395687e-01	3.713410118704284741e+02
3.361176429457156667e-01	3.602692033063213444e+02
3.423700375709273769e-01	3.496220754967188782e+02
3.486478192666269682e-01	3.349933581174760775e+02
3.549411614411318028e-01	3.262973215475477673e+02
3.611916935421040642e-01	3.204999563489440106e+02
3.674767089563572564e-01	3.121922281229761893e+02
3.737647795277591056e-01	3.062605612072816825e+02
3.800654031475132477e-01	2.977321298633959827e+02
3.863539861259823738e-01	2.954692917507980496e+02
3.926140181364449755e-01	2.860878563743522704e+02
3.989264500321934581e-01	2.755399669459116012e+02
4.052073244576828714e-01	2.753903778195527252e+02
4.114916477570477182e-01	2.660944522126139304e+02
4.177814272116491257e-01	2.612995364148676458e+02
4.240400648725131116e-01	2.540758836420192779e+02
4.303425690270192283e-01	2.487848487820710659e+02
4.366358560255625965e-01	2.438441641602440200e+02
4.428996183220763605e-01	2.402877030608189557e+02
4.491634418529859563e-01	2.337535264308326362e+02
4.554414146254732731e-01	2.292409920502469163e+02
4.617634470301058558e-01	2.254766059628062749e+02
4.680644242023710433e-01	2.209464608671798374e+02
4.743485242764365895e-01	2.168979151443334104e+02
4.806356136815400082e-01	2.132427880091624104e+02
4.869019258388697646e-01	2.087094681290159883e+02
4.931697099599955947e-01	2.056784654282643032e+02
4.994506747144535908e-01	2.024749293444704676e+02
5.057159051335421429e-01	1.973973328021844509e+02
5.119923996268095356e-01	1.960574142905267934e+02
5.183126097768406826e-01	1.917745784180143858e+02
5.246089638029100000e-01	1.881981553592842715e+02
5.308757308483337267e-01	1.843980535257972520e+02
5.371573527946726934e-01	1.814628226941273113e+02
5.434579563783791256e-01	1.792881992730425793e+02
5.497430652392217842e-01	1.759224331591019279e+02
5.559937427501778773e-01	1.727539499042658520e+02
5.622854676609657654e-01	1.722287983584378708e+02
5.686011537227265711e-01	1.691774456052754658e+02
5.748804589422079614e-01	1.670731809540221491e+02
5.811550210340560296e-01	1.649247686996653215e+02
5.874394496660968468e-01	1.618853475073122752e+02
5.937176220296899176e-01	1.592006176095828209e+02
5.999971954793682505e-01	1.568376556377628219e+02
6.062679115124277596e-01	1.545586568237216056e+02
6.125469576444534381e-01	1.532626521135499331e+02
6.188477733041515272e-01	1.512448894868038565e+02
6.251310567437898813e-01	1.478264050950990338e+02
6.314027450383210560e-01	1.462286916122560569e+02
6.377003562732055375e-01	1.457190825924179762e+02
6.439857783314556494e-01	1.434991289279896307e+02
6.502685417166111925e-01	1.416788024190350370e+02
6.565586117699038216e-01	1.386979177394854617e+02
6.628369282359254377e-01	1.378945195259974525e+02
6.691185444962194362e-01	1.363496572689373920e+02
6.754070198575605755e-01	1.353775586502966917e+02
6.816835514593204692e-01	1.335142951886646756e+02
6.879592533861698112e-01	1.320679317874315473e+02
6.942344317039531587e-01	1.295063675365040581e+02
7.005175402434737908e-01	1.285567926304524065e+02
7.068124956608716758e-01	1.274664418468156839e+02
7.131019009674921527e-01	1.257857469055816608e+02
7.193918251171427247e-01	1.240497092939497890e+02
7.256833807598113140e-01	1.224850876685139696e+02
7.319652682709349989e-01	1.222871862999461143e+02
7.382507990484923344e-01	1.207208094062864774e+02
7.445265842115937893e-01	1.189200009599233141e+02
7.507871101942712455e-01	1.179317163359233263e+02
7.570758465316046459e-01	1.164522476725518771e+02
7.633641233600957365e-01	1.146433642105767206e+02
7.696462959862266917e-01	1.137455306567035507e+02
7.759394865175414102e-01	1.128982639852926582e+02
7.822329141989586843e-01	1.114429815176223286e+02
7.885314936520240181e-01	1.110169579466123935e+02
7.947896566979522071e-01	1.094974079911581271e+02
8.010491096592354809e-01	1.084318625451814313e+02
8.073364061727361651e-01	1.073974233247541292e+02
8.136229488373866170e-01	1.066461025843079540e+02
8.199152998961036776e-01	1.058764600641315354e+02
8.261952636392789762e-01	1.046090223237196568e+02
8.324897070080405914e-01	1.034868566735711966e+02
8.387959309210778480e-01	1.027195428925066381e+02
8.450634639703045181e-01	1.021078038895427369e+02
8.513282867562648182e-01	1.009519705080010681e+02
8.576198263902009566e-01	1.000499635044281348e+02
8.639058477062415697e-01	9.954225007402104097e+01
8.701838745487597837e-01	9.840320668898810652e+01
8.764641096075268534e-01	9.784382251498539063e+01
8.827503873399735745e-01	9.672734674680913258e+01
8.890332768393869323e-01	9.611766439696802422e+01
8.953084247113127780e-01	9.475394446679780458e+01
9.015956521667095602e-01	9.437493304536666017e+01
9.078833328094829680e-01	9.407144620853748052e+01
9.141744106319863450e-01	9.253495866020583094e+01
9.204630817717615043e-01	9.242201734570802785e+01
9.267434415264711456e-01	9.119715311548439729e+01
9.330324197354928906e-01	9.068670440781508546e+01
9.393265785573878812e-01	9.030852809024631256e+01
9.455974810398196650e-01	8.913880362530564128e+01
9.518660018545171964e-01	8.851248123271078327e+01
9.581413255531838757e-01	8.773586160951964530e+01
9.644350945109106954e-01	8.710489406712585492e+01
9.707355633568249820e-01	8.664457854433469208e+01
9.770080768450029041e-01	8.644340725526305391e+01
9.832823325363413414e-01	8.516176204215058476e+01
9.895569691966674686e-01	8.461853007355649936e+01
9.958456301921106979e-01	8.413806414097375352e+01
1.002136210743837408e+00	8.338802726344444238e+01
1.008404825335135424e+00	8.279253851417284693e+01
1.014694149836243398e+00	8.232226201221514827e+01
1.020992555437297167e+00	8.143869726987102808e+01
1.027273980437394485e+00	8.125140122649378327e+01
1.033559181896017254e+00	8.046059337178658666e+01
1.039847557392594934e+00	8.009905547858656405e+01
1.046126974943305088e+00	7.932218885188616753e+01
1.052403436811028659e+00	7.905329339829287960e+01
1.058680704651608684e+00	7.820259420370031478e+01
1.064964333065789193e+00	7.825557010621547249e+01
1.071256777440835473e+00	7.731176977711966458e+01
1.077544048801078125e+00	7.669188739893709794e+01
1.083824820188043603e+00	7.635332590976467770e+01
1.090108023942816695e+00	7.608415035619213995e+01
1.096389665956643222e+00	7.549428320921437319e+01
1.102681132058841440e+00	7.462742894631288948e+01
1.108963047594879958e+00	7.429620039198123038e+01
1.115225428463759272e+00	7.345644629227312805e+01
1.121502127614767863e+00	7.371104858377300673e+01
1.127792573824792033e+00	7.284088969550209924e+01
1.134089552668382961e+00	7.262077351573306316e+01
1.140364049650405942e+00	7.205124559982972698e+01
1.146639180320979445e+00	7.146236542021549099e+01
1.152942412991649901e+00	7.092512680422582605e+01
1.159228906751078814e+00	7.056486665967315730e+01
1.165508721887268173e+00	7.027214314712642818e+01
1.171793076256210320e+00	6.967663952178624243e+01
1.178087436369658958e+00	6.924686139700835952e+01
1.184367654251526902e+00	6.893161763679742648e+01
1.190634642299266632e+00	6.855816974951864040e+01
1.196912208834400859e+00	6.799358810753638238e+01
1.203201577354146234e+00	6.785277699487461689e+01
1.209486844441705733e+00	6.716149006326890003e+01
1.215763902074809888e+00	6.696545245071878583e+01
1.222049755171146668e+00	6.649460021603708526e+01
1.228340616621486969e+00	6.610752939926229033e+01
1.234632986576932767e+00	6.580880277657999500e+01
1.240902247176856488e+00	6.548917557611900975e+01
1.247174839144687519e+00	6.507661705172253619e+01
1.253465459933442272e+00	6.463196961207609093e+01
1.259749951892178421e+00	6.450858966280354423e+01
1.266032143127253873e+00	6.409097865866532118e+01
1.272316288472006507e+00	6.362943325409301565e+01
1.278604155058621350e+00	6.318538919866476533e+01
1.284886588933593865e+00	6.293760839687688957e+01
1.291175420066583257e+00	6.260603994030120845e+01
1.297465726373772332e+00	6.242191545728448432e+01
1.303741827011944299e+00	6.202752058703465821e+01
1.310017322922761851e+00	6.156480476508827593e+01
1.316301447662886703e+00	6.134357257133564190e+01
1.322586760363303249e+00	6.106915762024249972e+01
1.328865492452874664e+00	6.045675890833648936e+01
1.335144804954555564e+00	6.041704839333509369e+01
1.341440516272275119e+00	5.987157056853673254e+01
1.347730868417094552e+00	5.971831157857943140e+01
1.354001589994877630e+00	5.927607395893817710e+01
1.360282609297778444e+00	5.912484666522742316e+01
1.366565686457597906e+00	5.867967150624782136e+01
1.372851498482432708e+00	5.832927990476569136e+01
1.379135372929401804e+00	5.823897404943526368e+01
1.385409567149057164e+00	5.782288788232410326e+01
1.391698641219299315e+00	5.762872239186760481e+01
1.397984451439470810e+00	5.718011298796262309e+01
1.404267883409181961e+00	5.683448724757011661e+01
1.410554779484869181e+00	5.677663010985306613e+01
1.416837833547465397e+00	5.640574038855277905e+01
1.423118177187137068e+00	5.607643483690580410e+01
1.429397801164240089e+00	5.570344565374460899e+01
1.435686921822787232e+00	5.552987633400427114e+01
1.441977121769299597e+00	5.544753000002795318e+01
1.448253667853332427e+00	5.492438176083269497e+01
1.454532348972172651e+00	5.464170392691413980e+01
1.460819319151879903e+00	5.457006178691938203e+01
1.467110364402026468e+00	5.425638416072070669e+01
1.473392908948962132e+00	5.399606982906269081e+01
1.479669965243598950e+00	5.362160844601110909e+01
1.485956144602843532e+00	5.356808648645488091e+01
1.492233610763115115e+00	5.328414288497921092e+01
1.498502470379980078e+00	5.302200268035988984e+01
1.504785752051182701e+00	5.267347791021887105e+01
1.511075991894575976e+00	5.257231251489553614e+01
1.517361634985162189e+00	5.216696759156340590e+01
1.523648570969130533e+00	5.187172530190567699e+01
1.529938035715892264e+00	5.165532043979722232e+01
1.536230176913891965e+00	5.147471435699133480e+01
1.542510718779388279e+00	5.134831509530319238e+01
1.548783963082980275e+00	5.081317466575712416e+01
1.555073069779651318e+00	5.075153379675671772e+01
1.561357324927233892e+00	5.038610731511677443e+01
1.567629121053141006e+00	5.048696809873368352e+01
1.573913697404382583e+00	5.004738780807214482e+01
1.580203545230874029e+00	4.982222103319623585e+01
1.586485393434537983e+00	4.955155017549605390e+01
1.592760014263005841e+00	4.942759390918460127e+01
1.599046436394670812e+00	4.923164980947059632e+01
1.605342136637478934e+00	4.901185185789159959e+01
1.611619860919608627e+00	4.872894544813701856e+01
1.617897597081673799e+00	4.862560540354380123e+01
1.624183235481122756e+00	4.841221904366576467e+01
1.630464598531913722e+00	4.806893114633027153e+01
1.636748985747638274e+00	4.778594022786712969e+01
1.643030923698886259e+00	4.771286655089174644e+01
1.649309176648513064e+00	4.750489825170668468e+01
1.655593633940351861e+00	4.727151229867966009e+01
1.661879571405086464e+00	4.711284408858507078e+01
1.668169361685170271e+00	4.705036559006605046e+01
1.674450151530487485e+00	4.673292049234213152e+01
1.680722718978495900e+00	4.648625300063612542e+01
1.687013891340952476e+00	4.634788332907312736e+01
1.693308984907921033e+00	4.602921237534574317e+01
1.699582147428448486e+00	4.597414997610506759e+01
1.705863747055134105e+00	4.571483047249183329e+01
1.712154434283889470e+00	4.547364725481820358e+01
1.718438381579399321e+00	4.524968744264299403e+01
1.724721264464063930e+00	4.510549759226494615e+01
1.730997441276920679e+00	4.487433231751244023e+01
1.737287073528269499e+00	4.471671411569321464e+01
1.743567991878527401e+00	4.456095672892481474e+01
1.749840680212231048e+00	4.435784125375050735e+01
1.756128549091961144e+00	4.408358005013251102e+01
1.762413535324792502e+00	4.389783900010660034e+01
1.768696187669963837e+00	4.380531174167257547e+01
1.774979359379055266e+00	4.368319590024170651e+01
1.781265555576432957e+00	4.343880230221509464e+01
1.787549427830244619e+00	4.327284247013400176e+01
1.793834120011633004e+00	4.309171715478463227e+01
1.800115051552487300e+00	4.286781139563056087e+01
1.806393904854530330e+00	4.265967569415990113e+01
1.812674089667083432e+00	4.253496482265513379e+01
1.818956920109354058e+00	4.249859416397062972e+01
1.825244164118212220e+00	4.220570658302583666e+01
1.831527256642196955e+00	4.194567395213889682e+01
1.837811294935716599e+00	4.185049439977113650e+01
1.844100717411196744e+00	4.173009635499795422e+01
1.850384816792487230e+00	4.166658837015193484e+01
1.856666059735203822e+00	4.146359843798805400e+01
1.862947728675613979e+00	4.125976675389099313e+01
1.869229324466858078e+00	4.099956287261660037e+01
1.875517616802973686e+00	4.104149504147913774e+01
1.881800769033795229e+00	4.089108563942330932e+01
1.888078863416442710e+00	4.056102259045263736e+01
1.894353975182237582e+00	4.035875872589935653e+01
1.900642716154182565e+00	4.026268997419042961e+01
1.906933494748685121e+00	4.011594195457883671e+01
1.913207568676573933e+00	3.996501366480247697e+01
1.919490884732178992e+00	3.979908130757843310e+01
1.925776855684274480e+00	3.970038697685377826e+01
1.932064452961978152e+00	3.954308091378148049e+01
1.938342610030488800e+00	3.936325782676598806e+01
1.944618341543410178e+00	3.924341966171548535e+01
1.950906260203513876e+00	3.917390760214783541e+01
1.957194556613796488e+00	3.885638226833513897e+01
1.963479614559011432e+00	3.873386228774176487e+01
1.969760361532916226e+00	3.858645115712555906e+01
1.976048367034604736e+00	3.844053491036846992e+01
1.982337990217652335e+00	3.839755061638923905e+01
1.988617489259562721e+00	3.818609458710268711e+01
1.994896320665194178e+00	3.811371325849849967e+01
2.001179596222827151e+00	3.788537594145901011e+01
2.007459756923499761e+00	3.772304157713953998e+01
2.013737397779169935e+00	3.756352211034052146e+01
2.020017234677497164e+00	3.750243852692468494e+01
2.026310251015072783e+00	3.732720955495768322e+01
2.032600542948020284e+00	3.722086948108974980e+01
2.038873863192099289e+00	3.702887030148888670e+01
2.045154087821675404e+00	3.689645943263759165e+01
2.051444704514288730e+00	3.683070817445405254e+01
2.057730430280644729e+00	3.658555568460183594e+01
2.064013940455224461e+00	3.658555676867431572e+01
2.070299891179459895e+00	3.645556964758615237e+01
2.076589719964883951e+00	3.626663536393295573e+01
2.082865483794470673e+00	3.615291406132456586e+01
2.089134494859368640e+00	3.598456045039352347e+01
2.095424211360070288e+00	3.595250144988052199e+01
2.101707116664804254e+00	3.575813950479471970e+01
2.107986473933564309e+00	3.556105247950937809e+01
2.114271806543862375e+00	3.543929644157901748e+01
2.120552717288892275e+00	3.536071556324672116e+01
2.126836933207161717e+00	3.520696551602914326e+01
2.133122044791171845e+00	3.511849991683343575e+01
2.139411711910842673e+00	3.499899508080982713e+01
2.145697076775292089e+00	3.491982355320668319e+01
2.151973548606471276e+00	3.476769500624397580e+01
2.158259913555724108e+00	3.458943595613943955e+01
2.164545396699105506e+00	3.461571725433309155e+01
2.170830700377734068e+00	3.444450100557192940e+01
2.177114138849150393e+00	3.430281871277313144e+01
2.183387647576827018e+00	3.417468828397467462e+01
2.189670273687676971e+00	3.405549543846296245e+01
2.195960147934207463e+00	3.392889379175972664e+01
2.202242556317716371e+00	3.382434858391341237e+01
2.208521655981037668e+00	3.371619448852342060e+01
2.214804637081333016e+00	3.356956333724703256e+01
2.221092583349425276e+00	3.348180876516815374e+01
2.227372893591468728e+00	3.335097395435078482e+01
2.233657161144248171e+00	3.332542821474768857e+01
2.239943485394438660e+00	3.306181084606433984e+01
2.246224175264620815e+00	3.302622802364758314e+01
2.252506378421252009e+00	3.297002140615565935e+01
2.258783417054270437e+00	3.282922995502373453e+01
2.265069077371457684e+00	3.269553484570482027e+01
2.271350377044131452e+00	3.262506376684581966e+01
2.277633995145353918e+00	3.251700938213934222e+01
2.283922419579920149e+00	3.237121097793013291e+01
2.290202874392252674e+00	3.236718380216836977e+01
2.296490779970905560e+00	3.220685637080383401e+01
2.302771769934229162e+00	3.204460458838051551e+01
2.309051364164305564e+00	3.201416021856076100e+01
2.315338502539088239e+00	3.193030371520075406e+01
2.321627336503874428e+00	3.176994943923100578e+01
2.327911878297218795e+00	3.165111360695796350e+01
2.334186238580297168e+00	3.154021139047714684e+01
2.340467971862688401e+00	3.151749392862397769e+01
2.346756940970738725e+00	3.142788352700993926e+01
2.353044444556199988e+00	3.130036261716804447e+01
2.359327653314069906e+00	3.121846804614101245e+01
2.365603048789861607e+00	3.111558133906067170e+01
2.371885911737665165e+00	3.102027329952181489e+01
2.378173303594019572e+00	3.093427122577487864e+01
2.384454016539381271e+00	3.081687627090918014e+01
2.390736447344785187e+00	3.076789576621418121e+01
2.397014133897952259e+00	3.071709757911544969e+01
2.403295490074321972e+00	3.054558529661376198e+01
2.409585049672506862e+00	3.048186186114170937e+01
2.415871703165322071e+00	3.035652899741827326e+01
2.422160652369088840e+00	3.027314944486673198e+01
2.428440167222748691e+00	3.022273954587359057e+01
2.434717472383889803e+00	3.015040799686878259e+01
2.441002456202044257e+00	3.001675812268385357e+01
2.447289980304530488e+00	2.999786711554197183e+01
2.453571844729242279e+00	2.989759502401202695e+01
2.459852705114058846e+00	2.976909971673004307e+01
2.466139233225018934e+00	2.966676599395841407e+01
2.472421963421291391e+00	2.967680276426531805e+01
2.478698519174224568e+00	2.953712332968694554e+01
2.484980841400355800e+00	2.949998103206505107e+01
2.491269319409339822e+00	2.933968336637912699e+01
2.497548505139029373e+00	2.927323547617389465e+01
2.503831667172610853e+00	2.921419532944872799e+01
2.510117938323931153e+00	2.912373335169158395e+01
2.516400733681277480e+00	2.905171469076751478e+01
2.522688226833368130e+00	2.894552421606275772e+01
2.528971695852665569e+00	2.890001344158926244e+01
2.535252039407670299e+00	2.882230282325021875e+01
2.541537514142774512e+00	2.879337921170441561e+01
2.547823008847572179e+00	2.862961270177505213e+01
2.554100666580690238e+00	2.855427186766211634e+01
2.560376788884177301e+00	2.849307048248561713e+01
2.566667521601497359e+00	2.846760462404326475e+01
2.572955062237090473e+00	2.835013946097549820e+01
2.579233771797999175e+00	2.831800011880149626e+01
2.585520164300948220e+00	2.826598536943371087e+01
2.591805130332431872e+00	2.818023954898650629e+01
2.598084074692260881e+00	2.810776688309066529e+01
2.604360404197643586e+00	2.806894029766040788e+01
2.610647185140439142e+00	2.794467556067700897e+01
2.616931864059273138e+00	2.791323596706415344e+01
2.623206107911065565e+00	2.785906043395914722e+01
2.629491626543270844e+00	2.777354580383750005e+01
2.635778507982642349e+00	2.773746603719312631e+01
2.642061039325260818e+00	2.764792924772355676e+01
2.648343840729305843e+00	2.761442851133637433e+01
2.654631838974855551e+00	2.751861437607561811e+01
2.660919001246303761e+00	2.742770798967485746e+01
2.667198525130066056e+00	2.741050729379368178e+01
2.673484307038032526e+00	2.732602733238124060e+01
2.679773388053849459e+00	2.727644817694859825e+01
2.686058217632288692e+00	2.721022576512219970e+01
2.692338738200057868e+00	2.711359907395076974e+01
2.698618022887226964e+00	2.711025657745653561e+01
2.704895450708277860e+00	2.703069872655651551e+01
2.711175674923682166e+00	2.696344167169828410e+01
2.717459832966957922e+00	2.694609955039801363e+01
2.723745731959044569e+00	2.687460179178803443e+01
2.730038414850594730e+00	2.684288054336305862e+01
2.736317989800789441e+00	2.677494392422380898e+01
2.742591858549239703e+00	2.672797158662875816e+01
2.748879749010778362e+00	2.665695302981977477e+01
2.755163403825859447e+00	2.661751934059751434e+01
2.761446955625852073e+00	2.659577934512441999e+01
2.767732088935374701e+00	2.651561915400515801e+01
2.774015452421743966e+00	2.650865779516113108e+01
2.780298635700591436e+00	2.648357872807185132e+01
2.786577474762241380e+00	2.635516170422211601e+01
2.792857983210164541e+00	2.636596107870626682e+01
2.799143790920211483e+00	2.634280931277283599e+01
2.805430058399325244e+00	2.629904941242553917e+01
2.811715058209780072e+00	2.624314206051519704e+01
2.817989272498773623e+00	2.616175906878123669e+01
2.824269171595737760e+00	2.610375162421450668e+01
2.830563016441804081e+00	2.611963415040742831e+01
2.836848750951622034e+00	2.606967735821923071e+01
2.843130027866129783e+00	2.604473494074374784e+01
2.849413896912404986e+00	2.600529062309523809e+01
2.855697464522425566e+00	2.596889530327036155e+01
2.861978799810683594e+00	2.598295848284385556e+01
2.868262469415629567e+00	2.587258493308971552e+01
2.874547359206753860e+00	2.585751674474166961e+01
2.880831111471525041e+00	2.582072453411205615e+01
2.887113216972382546e+00	2.579626421398010905e+01
2.893394504725182781e+00	2.571460571078706181e+01
2.899673662137033592e+00	2.574282034190554924e+01
2.905953958587380814e+00	2.571860312798828119e+01
2.912241118105161064e+00	2.564667920328419726e+01
2.918525996366671205e+00	2.562069294324234647e+01
2.924809035425688819e+00	2.563123531296452029e+01
2.931095916293684933e+00	2.563877949395718048e+01
2.937378182606774413e+00	2.555034446450550334e+01
2.943659980254369923e+00	2.555712959773834925e+01
2.949946454403890250e+00	2.546939756646262865e+01
2.956227653702202307e+00	2.551574919026736765e+01
2.962510478867462993e+00	2.550356979078997455e+01
2.968796535179442309e+00	2.547607618026352583e+01
2.975077657376874907e+00	2.549064431413623311e+01
2.981359866759223376e+00	2.545242522182849854e+01
2.987646761575656562e+00	2.542298594143762358e+01
2.993929038370399365e+00	2.542442580115538320e+01
3.000206214840962726e+00	2.541448632648653927e+01
3.006486172402415669e+00	2.538742689374498696e+01
3.012769812211594456e+00	2.540110926095373856e+01
3.019053144326170113e+00	2.535570043530185558e+01
3.025337405144251424e+00	2.537053787734218346e+01
3.031623734799107961e+00	2.538628392178110005e+01
3.037908962055872575e+00	2.538363634531657453e+01
3.044195067146031608e+00	2.538526117216455447e+01
3.050475543482170426e+00	2.534080124107789800e+01
3.056754954538277502e+00	2.533063618397799033e+01
3.063040539557494668e+00	2.532306775628013185e+01
3.069323699454357346e+00	2.535736430904455574e+01
3.075610692642898769e+00	2.536554062453492264e+01
3.081893798009918584e+00	2.535003867836458014e+01
3.088174549548037717e+00	2.534555311140944411e+01
3.094458635632868493e+00	2.537400762962099066e+01
3.100743982931558840e+00	2.536199038943241391e+01
3.107028111748448396e+00	2.539939637961193952e+01
3.113309299655494300e+00	2.540619137101090530e+01
3.119590662867241626e+00	2.538533059676959880e+01
3.125874006820172912e+00	2.543630564076631018e+01
3.132159251154602586e+00	2.541765236697042596e+01
3.138439172765940643e+00	2.545721559454660010e+01
3.144723867719826593e+00	2.549169819750335009e+01
3.151003951258561031e+00	2.552972857030799503e+01
3.157283664131563139e+00	2.556270779237825508e+01
3.163569317183839935e+00	2.553473528171912221e+01
3.169851661717792091e+00	2.556809117623584626e+01
3.176137704316093657e+00	2.560132547092151611e+01
3.182420924828643916e+00	2.563975043333480031e+01
3.188702811875577581e+00	2.564074892197434963e+01
3.194990520008989865e+00	2.570964644451429848e+01
3.201275324656983834e+00	2.572631265460587002e+01
3.207551352179861759e+00	2.574227017934627426e+01
3.213835216737041645e+00	2.580053033047211386e+01
3.220122579819103770e+00	2.581506874115980565e+01
3.226406606618656525e+00	2.572973918476307631e+01
3.232687390085645429e+00	2.566059963244932618e+01
3.238969121280456331e+00	2.561766294035079028e+01
3.245254751548589667e+00	2.552578747067988729e+01
3.251534499036136783e+00	2.547334186301498704e+01
3.257817780791052442e+00	2.541063184265561858e+01
3.264102164154097263e+00	2.537207849596637743e+01
3.270384152138468892e+00	2.533213066210989695e+01
3.276669427476867735e+00	2.523895998964149356e+01
3.282954688864507808e+00	2.516563174689089166e+01
3.289237200334947264e+00	2.508970320646706398e+01
3.295519587088236779e+00	2.506189495522565736e+01
3.301805977329951958e+00	2.498995565273617459e+01
3.308087486222440088e+00	2.495765561609280070e+01
3.314367630234227313e+00	2.489343277310041813e+01
3.320651909732194262e+00	2.482368348506835432e+01
3.326931260376857047e+00	2.484982957237828671e+01
3.333216512447217728e+00	2.473219881312919810e+01
3.339504489419978128e+00	2.473457308899493867e+01
3.345786804809928405e+00	2.465337910241783703e+01
3.352071130016277767e+00	2.460775107410469431e+01
3.358351496304225581e+00	2.460727193515061373e+01
3.364630591073392019e+00	2.453885419230678266e+01
3.370916305215045483e+00	2.449938820478408630e+01
3.377197952029413752e+00	2.441612323269953322e+01
3.383483063818085501e+00	2.434215657868890048e+01
3.389769992424469969e+00	2.434032863549137815e+01
3.396051330885982100e+00	2.428515408846267221e+01
3.402330879139463971e+00	2.421839341269888024e+01
3.408610488352048495e+00	2.418379290426329931e+01
3.414897837696641236e+00	2.415197003143196142e+01
3.421180484052105619e+00	2.413166206979208184e+01
3.427461639653846870e+00	2.402880380597167687e+01
3.433749159643459059e+00	2.403532073768705857e+01
3.440032646656798310e+00	2.403516130498106307e+01
3.446313366033385339e+00	2.395367332503090907e+01
3.452600135384134905e+00	2.390560576209499644e+01
3.458883152815406703e+00	2.384040859680571245e+01
3.465163834403715448e+00	2.382355581307044545e+01
3.471449329786229221e+00	2.376382914658895018e+01
3.477734476754053894e+00	2.373516104575755037e+01
3.484019652467224226e+00	2.370932368077905039e+01
3.490297019369712928e+00	2.367046116592983651e+01
3.496582486484379970e+00	2.363272866365598190e+01
3.502868048046865024e+00	2.358069319911905026e+01
3.509144649545451244e+00	2.353755889183676331e+01
3.515428082003116295e+00	2.352820333338888403e+01
3.521711031624695565e+00	2.350403200000741677e+01
3.527991850954735664e+00	2.347333497366966881e+01
3.534275545726699885e+00	2.345846086130486796e+01
3.540562632020772149e+00	2.336283571761679312e+01
3.546844410757220789e+00	2.340599573448420756e+01
3.553131386753758836e+00	2.334992329397617894e+01
3.559419203211965144e+00	2.336825843382211687e+01
3.565697971577579839e+00	2.326983462985518614e+01
3.571979559134798254e+00	2.322056762515855510e+01
3.578265774595833726e+00	2.321628250885547828e+01
3.584548309769353125e+00	2.320588835241225922e+01
3.590826843920031486e+00	2.319794943577432633e+01
3.597107306745233934e+00	2.316652537591393113e+01
3.603392831792229245e+00	2.307966764284874372e+01
3.609673209822572559e+00	2.311333106204546084e+01
3.615955412133016189e+00	2.311779233769793507e+01
3.622241607772384686e+00	2.305940705398845836e+01
3.628520252736676444e+00	2.302974534777224136e+01
3.634804827569451113e+00	2.302742363131216052e+01
3.641094981788862928e+00	2.300205432468870370e+01
3.647383514928639325e+00	2.296805072978267859e+01
3.653663283927725658e+00	2.290222787691718409e+01
3.659943504072155296e+00	2.291474673852045640e+01
3.666232000281138603e+00	2.288080049983987152e+01
3.672514211678317597e+00	2.285033142693973929e+01
3.678794154686042539e+00	2.284715179805041174e+01
3.685078621861909820e+00	2.283754996196121567e+01
3.691359210097977961e+00	2.284806376969542541e+01
3.697642368173791105e+00	2.281586151562371967e+01
3.703925796735277665e+00	2.279480233308577297e+01
3.710208240364660348e+00	2.276872139684962804e+01
3.716494593122387169e+00	2.277479048251651506e+01
3.722775386659595398e+00	2.271030651221757068e+01
3.729058392883481510e+00	2.274133319866989567e+01
3.735339748210807720e+00	2.273925145559864092e+01
3.741620776392969638e+00	2.271158383559052396e+01
3.747904795418762980e+00	2.267472837599475000e+01
3.754190633281219380e+00	2.270575676405319854e+01
3.760478208018912749e+00	2.262275642714142521e+01
3.766755538573464346e+00	2.263480543612983453e+01
3.773032090135151506e+00	2.264705356883194298e+01
3.779322553012896879e+00	2.264057802732516933e+01
3.785609109731308930e+00	2.256991115381698876e+01
3.791889825936295200e+00	2.260425333203099996e+01
3.798174822702435893e+00	2.257920540187454250e+01
3.804458658753491651e+00	2.257174163039239190e+01
3.810738438095723435e+00	2.258350028178041669e+01
3.817018850285747167e+00	2.258743221994540207e+01
3.823305314209427763e+00	2.257266089699675149e+01
3.829591295197792178e+00	2.259136595799254721e+01
3.835872296070849341e+00	2.254660715955866479e+01
3.842156279590906109e+00	2.257441020204738535e+01
3.848441511099312429e+00	2.253543040801552522e+01
3.854723334376886079e+00	2.253927092505564644e+01
3.861004740704794713e+00	2.256359330016880094e+01
3.867284336650660848e+00	2.252642485431359631e+01
3.873567367678779849e+00	2.258025780062551036e+01
3.879850662830422792e+00	2.256170401034704653e+01
3.886137063198143338e+00	2.256992207419579444e+01
3.892419463049126005e+00	2.254626808222889167e+01
3.898703740328622658e+00	2.260580813133549327e+01
3.904991458788179326e+00	2.255838069275566937e+01
3.911270842222104083e+00	2.259039846175965849e+01
3.917549806479573071e+00	2.257726266353460076e+01
3.923836006203090587e+00	2.257622655850484605e+01
3.930121452497870926e+00	2.257412060826531786e+01
3.936398172858230460e+00	2.259130788829866532e+01
3.942683040425962293e+00	2.260049837838539943e+01
3.948974759704379611e+00	2.260349689132266704e+01
3.955259227995065352e+00	2.261682008520248743e+01
3.961537174921395454e+00	2.257927833197409839e+01
3.967820217617139544e+00	2.259634632617841987e+01
3.974105559832568968e+00	2.263892190826437556e+01
3.980384727931198352e+00	2.264075922591358037e+01
3.986664590839849698e+00	2.262924947558823163e+01
3.992949619150675034e+00	2.268967524322712137e+01
3.999235075769965952e+00	2.271468585296738496e+01
4.005515715515433506e+00	2.271725547910197918e+01
4.011798434346478537e+00	2.275253731902071408e+01
4.018083716245132386e+00	2.273448951607004531e+01
4.024365700052603856e+00	2.275976557821723034e+01
4.030643960839860540e+00	2.275219067547864071e+01
4.036928708926215137e+00	2.280499670981571825e+01
4.043218157412017177e+00	2.282244865122372346e+01
4.049503019487663558e+00	2.281449512292424942e+01
4.055781898960511000e+00	2.286053753696620205e+01
4.062060795621602161e+00	2.286459311785547044e+01
4.068347865354716042e+00	2.292984302637492888e+01
4.074631027173265529e+00	2.297326884166739802e+01
4.080910837526078971e+00	2.293852380169866834e+01
4.087201203341442657e+00	2.299046531088155376e+01
4.093486818591942189e+00	2.302641445906878204e+01
4.099764387336505500e+00	2.303841956591865170e+01
4.106049166937662420e+00	2.312298059601932820e+01
4.112334559041358695e+00	2.316370960897660325e+01
4.118618926059533614e+00	2.310352047922969021e+01
4.124898942031112625e+00	2.315823420131620836e+01
4.131175432561665417e+00	2.323647574141704553e+01
4.137461563786142271e+00	2.321695247051971833e+01
4.143746006210170307e+00	2.329929728664635746e+01
4.150029800482964326e+00	2.331563638370235481e+01
4.156313390684649001e+00	2.334745466844963957e+01
4.162596105843763716e+00	2.338314821420368261e+01
4.168881843141768684e+00	2.344798541233377875e+01
4.175162111073220217e+00	2.346737780019568120e+01
4.181448573417560155e+00	2.349657263320436584e+01
4.187738782464171194e+00	2.351405490321459268e+01
4.194017437180169061e+00	2.355224284979129834e+01
4.200293572701767175e+00	2.358200586073230554e+01
4.206580195481546269e+00	2.366797980569942439e+01
4.212860644652220543e+00	2.374448799067657134e+01
4.219138153430114002e+00	2.373906530965968287e+01
4.225426162098283811e+00	2.374673249784878593e+01
4.231713506719782636e+00	2.384018218636487774e+01
4.237990056577191744e+00	2.392729183782365254e+01
4.244267783646744618e+00	2.390243304965093074e+01
4.250560660182562955e+00	2.399130892627546530e+01
4.256847734842668096e+00	2.403055812939181024e+01
4.263127100734456221e+00	2.411463961235343589e+01
4.269406860432507500e+00	2.413570867222116689e+01
4.275691671482192646e+00	2.414219425607907255e+01
4.281972414189518794e+00	2.424031482321816711e+01
4.288253516806755705e+00	2.430161549545590205e+01
4.294540520160492925e+00	2.436551246336390975e+01
4.300825742921731809e+00	2.436842274460490643e+01
4.307109835491901961e+00	2.442619273899765631e+01
4.313390926478413157e+00	2.453198309530306531e+01
4.319667979480563247e+00	2.451954026609177717e+01
4.325952598143786076e+00	2.456316276086567285e+01
4.332241647035422361e+00	2.466346960375775055e+01
4.338524445619096781e+00	2.469136121509484028e+01
4.344809348131129845e+00	2.478769092671666030e+01
4.351090699193166600e+00	2.475107789897392152e+01
4.357369710808320029e+00	2.486337954761769709e+01
4.363659348967174445e+00	2.485001148804276738e+01
4.369947418280990981e+00	2.496951725925192633e+01
4.376226569265827315e+00	2.503634200093474504e+01
4.382499356631129217e+00	2.504797903329330921e+01
4.388784975178015024e+00	2.504763768524604117e+01
4.395068696309480494e+00	2.511006600679796819e+01
4.401347962382031298e+00	2.525838996072797116e+01
4.407628405096517099e+00	2.526866467519952408e+01
4.413915862185140426e+00	2.526018476518318323e+01
4.420203163534264235e+00	2.532484657613706247e+01
4.426480311003382795e+00	2.534721607439148627e+01
4.432765973643649104e+00	2.549188774038343652e+01
4.439053392023870614e+00	2.534169764820154569e+01
4.445336141335588742e+00	2.551565675863915672e+01
4.451617241414883352e+00	2.553321517475259128e+01
4.457901500730311106e+00	2.552742184771677003e+01
4.464189501093017043e+00	2.563185486003057179e+01
4.470470197548729985e+00	2.555712345356758064e+01
4.476748044268524573e+00	2.562679499895145696e+01
4.483035990164653484e+00	2.561262971117486487e+01
4.489323331650528104e+00	2.560347331635256651e+01
4.495599111667934800e+00	2.563082902465563606e+01
4.501870922878794090e+00	2.560564717338048624e+01
4.508155162877705457e+00	2.561417681089286091e+01
4.514446451153479423e+00	2.552043193163619250e+01
4.520723894043856994e+00	2.558512418162233715e+01
4.527003782460155890e+00	2.560180797684465048e+01
4.533293086610313161e+00	2.549748548158399331e+01
4.539578989864040182e+00	2.540891565884775360e+01
4.545857164866476730e+00	2.535783663443091740e+01
4.552138955546025656e+00	2.535041204765390788e+01
4.558432046889146605e+00	2.517573428366432253e+01
4.564713463378488711e+00	2.515891985748975657e+01
4.570987274133244682e+00	2.523594883855642124e+01
4.577274818151045643e+00	2.515760834872623875e+01
4.583563263889338657e+00	2.515707671671055579e+01
4.589844917004465508e+00	2.517542062504446676e+01
4.596126259982004747e+00	2.524093739603525677e+01
4.602409075598298926e+00	2.517764228083874656e+01
4.608696634867644804e+00	2.523719003034136321e+01
4.614977646498861219e+00	2.514208600626617596e+01
4.621258953029527383e+00	2.517881403162938980e+01
4.627547993978874175e+00	2.515404466285074747e+01
4.633830152730579854e+00	2.512983475214504381e+01
4.640104005367354567e+00	2.527882634582579513e+01
4.646382060386754276e+00	2.516015721610908784e+01
4.652674213731970987e+00	2.528564533536717462e+01
4.658958291796220230e+00	2.528643802976416666e+01
4.665233615070169648e+00	2.535192642963970044e+01
4.671520675710307380e+00	2.534530415628099931e+01
4.677814351732177300e+00	2.537919651711604274e+01
4.684093699744638073e+00	2.530919505640209621e+01
4.690368661472568590e+00	2.541282794409869084e+01
4.696663270746453733e+00	2.544271735832020553e+01
4.702945459248681459e+00	2.552249720959762769e+01
4.709209170841929470e+00	2.557317059441070128e+01
4.715491634753063543e+00	2.558566875410785713e+01
4.721784316284933780e+00	2.557893431943858786e+01
4.728063062331094635e+00	2.565365768445446548e+01
4.734337423381671073e+00	2.564269192024134369e+01
4.740627024094544062e+00	2.576929258528107169e+01
4.746914995664547554e+00	2.577121480821927335e+01
4.753194740071086777e+00	2.583446296258637176e+01
4.759478891864783456e+00	2.585903385195185678e+01
4.765762396877359031e+00	2.585781108097337011e+01
4.772049481246195768e+00	2.592125543760568718e+01
4.778335091022592351e+00	2.608236666805737869e+01
4.784610831402393849e+00	2.617004811365612582e+01
4.790907306208476157e+00	2.610833973457309298e+01
4.797204047706418173e+00	2.620862062764176770e+01
4.803470827697504220e+00	2.630061017901558174e+01
4.809748850577324042e+00	2.631292731631568316e+01
4.816045316586602176e+00	2.636838201896918932e+01
4.822329240673497885e+00	2.643470082165698543e+01
4.828596758226470165e+00	2.651193668972987894e+01
4.834890332961369275e+00	2.650091443392993895e+01
4.841191655056394261e+00	2.665370247444648655e+01
4.847460407468000554e+00	2.669162517088298614e+01
4.853732128521334843e+00	2.674187103561758860e+01
4.860029138783373170e+00	2.682568800761747951e+01
4.866314601732018019e+00	2.694196483345693949e+01
4.872587026269203925e+00	2.707560573960480710e+01
4.878874221748241702e+00	2.706059067588533651e+01
4.885171078138658807e+00	2.716471598100482865e+01
4.891450629931857641e+00	2.717241668906871865e+01
4.897716482750221978e+00	2.745770103480835544e+01
4.904002834596266069e+00	2.746123038155857543e+01
4.910295858205786068e+00	2.746836748667980288e+01
4.916575188115905881e+00	2.780887029457140258e+01
4.922847946197084212e+00	2.783941346658598448e+01
4.929131667457151700e+00	2.789725203346761262e+01
4.935434460144239033e+00	2.796694603939024404e+01
4.941718513303545279e+00	2.799515344941940853e+01
4.947978624761803168e+00	2.820906373801438249e+01
4.954274999209829389e+00	2.825164181670766794e+01
4.960571094729937514e+00	2.838728301929754849e+01
4.966823207626954506e+00	2.854647713634662054e+01
4.973097418390337587e+00	2.874383236658772489e+01
4.979415129936382023e+00	2.885833099461418172e+01
4.985702082330368157e+00	2.892150754919439493e+01
4.991949985828016523e+00	2.916367878407167069e+01
4.998241586316924057e+00	2.912860394971057687e+01
5.004556635606089543e+00	2.930538574001801777e+01
5.010828655701208945e+00	2.932442292139555207e+01
5.017077229702536556e+00	2.959726563605660132e+01
5.023374414758113637e+00	2.968869032598128044e+01
5.029688873569548413e+00	2.985916315304048041e+01
5.035958413584124216e+00	3.000405971979593645e+01
5.042232667658486989e+00	3.012671204005361858e+01
5.048528755870775875e+00	3.024266548196694515e+01
5.054821121427484520e+00	3.069908183018409176e+01
5.061069509814582368e+00	3.065951189836865254e+01
5.067347812754101177e+00	3.087314916060973502e+01
5.073675050630431116e+00	3.095576143913137557e+01
5.079945928388977627e+00	3.098079065788916964e+01
5.086192992546071601e+00	3.145790475427445898e+01
5.092484128970163226e+00	3.143963189052343665e+01
5.098802924706086870e+00	3.154234679580284961e+01
5.105078217426394005e+00	3.198895181542913235e+01
5.111325076574067872e+00	3.200020214039803079e+01
5.117628358851224135e+00	3.217586296033145032e+01
5.123935939383525984e+00	3.255725212060396956e+01
5.130199176325612065e+00	3.261418305255516259e+01
5.136469985878846956e+00	3.268344651855233707e+01
5.142797788696348071e+00	3.302463132050575467e+01
5.149090378043822192e+00	3.336193811541243548e+01
5.155289879840074363e+00	3.344867958770239369e+01
5.161564521234301317e+00	3.394718514884868199e+01
5.167916673496016244e+00	3.387192135770863644e+01
5.174205974602950064e+00	3.391591445910462710e+01
5.180434820793812456e+00	3.453221553567923507e+01
5.186729096569634656e+00	3.493270701976470605e+01
5.193058481037780894e+00	3.465890576114705368e+01
5.199319511444338460e+00	3.510516967780824160e+01
5.205574295584361799e+00	3.529367847631121435e+01
5.211894977074066126e+00	3.513646667617929609e+01
5.218201708336958511e+00	3.617376799475862015e+01
5.224411911780083351e+00	3.631251433805928031e+01
5.230677632666463239e+00	3.672586982121790555e+01
5.237056729559757429e+00	3.682399269934651898e+01
5.243336785035660697e+00	3.702591468466767566e+01
5.249493476178225038e+00	3.764068189318339819e+01
5.255787017738318134e+00	3.796995169670091741e+01
5.262205327426889845e+00	3.813605724788180851e+01
5.268477758348532269e+00	3.820135750020988041e+01
5.274632213654732560e+00	3.894856807908106333e+01
5.280950543314659740e+00	3.903432482030723349e+01
5.287327645024750389e+00	3.951480305737539567e+01
5.293582359180156516e+00	3.989007448935268485e+01
5.299789992649893478e+00	4.018938433153778789e+01
5.306111460381987222e+00	4.083611496747968062e+01
5.312452717892129250e+00	4.116470521521326731e+01
5.318650122853046724e+00	4.147455174654750465e+01
5.324923043129819789e+00	4.185134900432062466e+01
5.331330237158205421e+00	4.179953517021591836e+01
5.337586726886338617e+00	4.223063269233908557e+01
5.343685192440848830e+00	4.294615215035011602e+01
5.350070659715249199e+00	4.286408245926352834e+01
5.356556762554878226e+00	4.379562151368442358e+01
5.362691868684501095e+00	4.457763118746268560e+01
5.368769208912516966e+00	4.411934237982696061e+01
5.375270137997677722e+00	4.543939897368200320e+01
5.381769983045385786e+00	4.571493970936240459e+01
5.387701030372958222e+00	4.557887566589650419e+01
5.393786668001271600e+00	4.695708966499735482e+01
5.400446161099396569e+00	4.732624752386039546e+01
5.406957063684501463e+00	4.683521695794838990e+01
5.412655672453426270e+00	4.809167849836351394e+01
5.418821279260546575e+00	4.799239231517143622e+01
5.425690594366304076e+00	4.862741016344018163e+01
5.432217487502165376e+00	4.950314697718886947e+01
5.437649811577258241e+00	4.895389908107333810e+01
5.443914404015878006e+00	5.033514355629053227e+01
5.450953501686320202e+00	4.996276100757281569e+01
5.457483690405861232e+00	5.312678937702204962e+01
5.462715250135157241e+00	5.060776169534854318e+01
5.469033575551323523e+00	5.251950732211692952e+01
5.476177730420278778e+00	5.277444891017078987e+01
5.482708935702562236e+00	5.282021761979134311e+01
5.487722405008360838e+00	5.490917640526298982e+01
5.494194284996126498e+00	5.453152262472294609e+01
5.501391471009256406e+00	5.824272848043554518e+01
5.507128202673079009e+00	5.780608542119935578e+01
5.512278020050448646e+00	5.813857374735676586e+01
5.519395563377015534e+00	5.929720762826575964e+01
5.526598678609708770e+00	6.035698312205069271e+01
5.532162682462509196e+00	5.931026220167372998e+01
5.537397124017139127e+00	6.296999863696854760e+01
5.544582756485218589e+00	6.343579932972780711e+01
5.551739327507637434e+00	7.207475706258905745e+01
5.557493306674907707e+00	8.531308560093906124e+01
5.562281709102816940e+00	7.049271082200061755e+01
5.569272720323164449e+00	4.507087731277709253e+01
